행정동_코드,가구 및 가전제품,교육,기타,생필품,서적 및 문구,숙박,여가,음식점,의료,의류 및 패션,전자상거래업
11110515,1164781420.0,225199646.0,1.0,24178412259.0,16752920218.0,143829626.0,1307475880.0,34270758329.0,826369300.0,1967007876.0,1.0
11110530,5294427818.0,5089947400.0,1.0,55569099528.0,10438478264.0,12775792.0,11771993141.0,331128581417.0,47949097157.0,24952848684.0,12000000.0
11110540,440585113.0,1.0,1.0,3734565846.0,23261990.0,1.0,34878521.0,44798702966.0,97844356.0,19875007030.0,1.0
11110550,228310047.0,2995985625.0,1.0,8432609763.0,39602107.0,72816995.0,503911621.0,12573190868.0,1033375661.0,1177616745.0,1.0
11110560,742978294.0,4313656685.0,4676796.0,16783051404.0,783235811.0,292060136.0,867300290.0,22597984252.0,3385263938.0,1478987717.0,1.0
11110570,1.0,1364730940.0,1.0,11996913441.0,1.0,1.0,766578078.0,7376455206.0,15426000298.0,964034006.0,1.0
11110580,772028237.0,2087796657.0,1.0,9565446314.0,408766465.0,561922644.0,1822633436.0,49818662521.0,24676177475.0,286990966.0,1.0
11110600,254055328.0,640293597.0,1.0,12139460167.0,483973007.0,1.0,1120267163.0,106886553744.0,6012586049.0,14511261423.0,1.0
11110615,326823219343.0,28110230700.0,5437957935.0,205009015324.0,291159642071.0,13591321556.0,60965323285.0,908718090411.0,302849297700.0,1022791388471.0,28953795270.0
11110630,57686658266.0,1.0,34506851.0,45251811130.0,8097903810.0,1299214058.0,37274474783.0,77849706753.0,130054652217.0,43996645560.0,711455247.0
11110640,581700694.0,899139878.0,1.0,21474566210.0,7073918464.0,6940691.0,1225074208.0,29592303806.0,4702121546.0,887427072.0,1366186.0
11110650,3199193361.0,6036735571.0,1.0,29613518876.0,3326854645.0,571003182.0,9618788994.0,170887888291.0,25585732330.0,32743110930.0,53496535.0
11110670,5366942433.0,308686967.0,5403451084.0,25253397416.0,155883693357.0,2459077682.0,3059403939.0,41547075304.0,57039154569.0,64049234443.0,1.0
11110680,204584925.0,442784889.0,17212049.0,20778793945.0,1.0,5599424.0,482904247.0,14466795949.0,3636883736.0,581096182.0,1.0
11110690,1.0,242538500.0,1.0,587102388.0,1.0,1.0,175984616.0,1657284745.0,1.0,129186870.0,1.0
11110700,1619070.0,372987557.0,1.0,4822499541.0,1.0,1.0,181009199.0,2437036643.0,3822380297.0,23934052.0,1.0
11110710,4404373186.0,301441176.0,1.0,14712473662.0,1201197677.0,316035298.0,818819862.0,14468450270.0,819782086.0,12072587327.0,1.0
11140520,40484618608.0,11337253958.0,1220896305.0,319823095958.0,20133072938.0,9792447973.0,45175199819.0,842293527884.0,355360094523.0,521690254845.0,833953410.0
11140540,39008889478.0,1.0,1220896305.0,184815630616.0,10411956147.0,3095511181.0,18093811801.0,173134116869.0,154522022165.0,286773456464.0,51940532.0
11140550,5214383166.0,5584184156.0,1.0,106177210467.0,4707785226.0,4561239775.0,27854454578.0,456621698774.0,154582742901.0,163313991677.0,600355735.0
11140570,23741462370.0,2467912711.0,1840753420.0,19868996996.0,32212633805.0,1014514267.0,3704302111.0,87427581089.0,13769151189.0,937989700.0,1.0
11140580,5259198912.0,13324992.0,179483547.0,16897241684.0,3849015170.0,688043965.0,3900182156.0,38376165315.0,1414367115.0,12401390389.0,1.0
11140590,139867408306.0,302019923.0,29000000.0,300061561902.0,9590011233.0,5002640470.0,309965360731.0,214428682386.0,64848000373.0,664752613813.0,300369991498.0
11140605,607333000436.0,1.0,54985.0,125186303768.0,65435059256.0,1598171711.0,3622556488.0,180160316269.0,19296382277.0,25675114668.0,656550333.0
11140615,2107504312.0,285344979.0,29000000.0,43411178842.0,78684902.0,635689072.0,11580302335.0,69418443458.0,12189274677.0,130334623390.0,233845847.0
11140625,238760884.0,2543175091.0,1.0,21733325515.0,8758176203.0,818574587.0,7884625409.0,64301104118.0,82913341681.0,10108957685.0,6013902048.0
11140635,1122814770.0,614366658.0,1.0,15032885150.0,1.0,1.0,1039292997.0,11251178622.0,5519009072.0,2285383767.0,1.0
11140645,751421905.0,1378562088.0,1.0,4100087550.0,1.0,1.0,1214167424.0,6588898924.0,1978340262.0,9639379729.0,104497122.0
11140650,1716952035.0,1015389016.0,1.0,27375865258.0,58033959.0,32878953.0,2619816487.0,25200901198.0,25092770252.0,4893001080.0,1.0
11140665,263726955.0,539876488.0,102942372.0,2877816165.0,1.0,51485243.0,3679181916.0,8841530280.0,17558294549.0,14371559159.0,1.0
11140670,63287767477.0,1024832095.0,1.0,100108079933.0,423228491.0,415044692.0,811464788.0,30764806454.0,8492306541.0,7637776438.0,774000000.0
11140680,12166711178.0,106319995.0,1.0,19118114456.0,1950781294.0,278958883.0,2015672377.0,28132862578.0,38278437911.0,3094839547.0,1.0
11170510,1484542495.0,1441774279.0,1.0,32902185698.0,61594928.0,214759914.0,3476178221.0,32683177753.0,13623281489.0,2179219855.0,1.0
11170520,187031993.0,3845600070.0,1.0,13725514003.0,1.0,1.0,399377566.0,23332511562.0,586298931.0,504604553.0,1.0
11170530,1314347952.0,2155646444.0,1.0,17493861431.0,1222119087.0,2600605088.0,8354551429.0,121109440244.0,32097078918.0,8595041778.0,18515836.0
11170555,888528064.0,279551754.0,1.0,42638185102.0,1992045600.0,133957834.0,6992346533.0,54087010410.0,8698706695.0,3754122972.0,1.0
11170560,33247396196.0,428932906.0,1.0,6991720226.0,3266201903.0,1.0,670968763.0,25932631189.0,16745104305.0,584847454.0,2648702718.0
11170570,3464767551077.0,858784285.0,1.0,41551538047.0,20028426753.0,1.0,3304102538.0,37137924855.0,24798231752.0,1111925494.0,8145640070.0
11170580,97633784.0,3741951331.0,1.0,10264447147.0,1.0,1.0,599047771.0,9073853148.0,4339736922.0,11872961748.0,1.0
11170590,3031874388.0,289057434.0,87139693.0,72659246579.0,4968281181.0,81171195.0,1781689254.0,27933353034.0,16118214544.0,3459110661.0,2119465.0
11170625,153007602469.0,508321308.0,44361188.0,71173158793.0,13516241312.0,654999909.0,3697809250.0,203157219832.0,12631736214.0,28410613029.0,35528006.0
11170630,1465113544.0,9756864682.0,1.0,46691051228.0,419934036.0,1.0,5875348102.0,37262122069.0,18250865953.0,2801062442.0,1.0
11170640,422158294.0,669247228.0,1.0,6060491028.0,1.0,1.0,164734352.0,908901456.0,422412630.0,24362345.0,1.0
11170650,4430642391.0,119217460.0,1.0,148968924301.0,5897198581.0,1376226809.0,9451621462.0,446808576967.0,68853243988.0,206654858543.0,3017380784.0
11170660,576662874.0,1.0,1.0,17432805554.0,33525734.0,96753035.0,2081120627.0,47510278064.0,9485453881.0,2392258191.0,1.0
11170685,6145543190.0,4140574358.0,1.0,23575678496.0,1175721929.0,1.0,60897571674.0,133890180065.0,26331240300.0,21834129286.0,9002111770.0
11170690,1.0,327915932.0,1.0,9120475148.0,1.0,28125000.0,3597565818.0,6639673869.0,215179912.0,1.0,15742000.0
11170700,851769785.0,656810569.0,17579661.0,12903551715.0,1.0,1.0,980450256.0,11881928363.0,11832856338.0,260280982.0,1.0
11200520,932448452.0,1918395298.0,42547919.0,9509732439.0,15354347.0,57171427.0,1687700415.0,9950164024.0,7664421048.0,709598932.0,1.0
11200535,73254592.0,114514850.0,216342512.0,27142740458.0,47545188.0,1404940359.0,2591556695.0,47010193092.0,12832690473.0,4156783080.0,181436487.0
11200540,210601195.0,1904940878.0,1.0,31758723906.0,85965882.0,38831069.0,4878151692.0,53527874197.0,12890605226.0,311873726.0,60000000.0
11200550,1766842.0,552054229.0,1.0,14939412693.0,1096704167.0,1.0,11260766777.0,46872674791.0,2540728935.0,1514199904.0,1.0
11200560,6130548563.0,4161546141.0,1001858300.0,48622431323.0,10899560754.0,257124556.0,26491069387.0,108257865920.0,64982169869.0,39571084090.0,1.0
11200580,1.0,809902369.0,1.0,955318165.0,541167305.0,1.0,111673935.0,1868157911.0,1550949146.0,1.0,1.0
11200590,164642127.0,6201719915.0,1.0,12865575297.0,1.0,1.0,1514997286.0,3674863018.0,3463208157.0,1744882490.0,1.0
11200615,286264259.0,1094189374.0,1.0,12033196917.0,126266889.0,95313724.0,1517154942.0,15644968505.0,8494015344.0,4243795413.0,1.0
11200620,3105993465.0,329306832.0,22295066.0,9105020480.0,120354484.0,1.0,3226216772.0,16619698225.0,21877825312.0,1909245747.0,1.0
11200645,85896971.0,4012150319.0,1.0,38115713248.0,1.0,1.0,4837488766.0,9874559324.0,2293105078.0,1342290949.0,11168000000.0
11200650,1502795595.0,2315411932.0,689174670.0,42213230234.0,1478640963.0,68942982.0,6681725474.0,18133655378.0,9266691736.0,13799086065.0,11320207816.0
11200660,15580918948.0,2184548987.0,1.0,45951753338.0,1574228025.0,1.0,3376618584.0,94621655312.0,32687373034.0,35669183726.0,3138267477.0
11200670,4482690870.0,510443007.0,762288325.0,38867769732.0,2619243987.0,47897868.0,5788726476.0,70863020576.0,25676944269.0,101517880553.0,925298752.0
11200690,32914555389.0,2816455514.0,6885336.0,102494336152.0,30995710637.0,953087016.0,17712867792.0,109239232851.0,45247360215.0,144776958103.0,15666354127.0
11200720,4461705567.0,71089608.0,1.0,9013041334.0,18717107.0,411904932.0,625258593.0,5418583242.0,4004718833.0,428280829.0,1.0
11200790,1994887791.0,794708573.0,409726843.0,22411239288.0,1.0,1.0,5818574614.0,28159253231.0,17984545593.0,1327861962.0,1.0
11215710,2683683650.0,9120080220.0,1.0,85556510077.0,454082753.0,3355069442.0,36530932176.0,257452688173.0,77782252240.0,61073977746.0,164333106.0
11215730,31446880727.0,5304364355.0,68134433.0,41994007282.0,1.0,1470213930.0,10008558520.0,91686647184.0,67602046478.0,11084413324.0,8042905469.0
11215740,1134262308.0,163893213.0,1.0,35325654596.0,1.0,1207841.0,2271265699.0,14708142879.0,17257081735.0,3005278955.0,1.0
11215750,6194219.0,5831824180.0,1.0,18307263715.0,1429535297.0,9368966.0,1934075164.0,14403914625.0,10296271970.0,2284975814.0,1.0
11215760,1465884034.0,589040332.0,1000000.0,15966981260.0,575466.0,164562276.0,4272465834.0,17145328438.0,16329455035.0,1314055532.0,1.0
11215770,2733092025.0,2094511049.0,107467041.0,29182098172.0,497197730.0,1.0,5526629925.0,15172480945.0,10100689465.0,5150550888.0,745254870.0
11215780,20042464334.0,4555276127.0,38705051.0,24850598377.0,600536195.0,1018613146.0,4268508547.0,46276789963.0,48229226686.0,19474166325.0,1.0
11215810,1263047258.0,123248009.0,1.0,12683104932.0,1.0,192314816.0,4936746651.0,25975639901.0,2499986011.0,5786233200.0,1.0
11215820,2173823141.0,2606773121.0,912321257.0,47009852617.0,2909962540.0,276108886.0,5087115762.0,23971149197.0,16174033963.0,11149996429.0,1.0
11215830,3434001859.0,2662941008.0,1.0,20993390093.0,326612124.0,1.0,4311518261.0,23626989648.0,15296636820.0,1692006733.0,44611973.0
11215840,559653066.0,4338304876.0,195898992.0,9046645890.0,12508798.0,45808382.0,1776292087.0,12943220980.0,3228680567.0,1230372833.0,1.0
11215847,1391983090.0,477334829.0,1.0,38633195713.0,293109704.0,2369218374.0,7572343572.0,37185114485.0,15178287091.0,3894182520.0,1792105636.0
11215850,19035631150.0,4016566562.0,3146997021.0,70588185825.0,1816289110.0,576324477.0,11748923115.0,86502679636.0,52461640671.0,9478963677.0,3365033519.0
11215860,20623820.0,1132000608.0,1.0,7677876030.0,147054911.0,426010915.0,498149500.0,1071940627.0,89179916.0,68031574.0,1.0
11215870,238037720560.0,42184828968.0,1.0,59965734022.0,6238361893.0,694155298.0,10986666932.0,74113655955.0,72456432464.0,26024202698.0,44541190426.0
11230536,4328943471.0,34163328001.0,80279914.0,129057317465.0,3087530450.0,860102775.0,9246232936.0,96776917627.0,86468049795.0,21234595236.0,5538071660.0
11230545,8841487212.0,300534770.0,1427900963.0,2262021251186.0,16505671561.0,644876047.0,2425514969.0,63778845903.0,105892180105.0,2147904126.0,38791407132.0
11230560,1383833368.0,1544541939.0,69629780.0,50043773004.0,1392109227.0,1084272433.0,11121207240.0,62254448182.0,53895690823.0,16737416332.0,149233920.0
11230570,321418446.0,90757574.0,1.0,1099520988.0,1151460809.0,1.0,1036644443.0,4439904010.0,9343644121.0,292543838.0,1.0
11230600,48833438743.0,4707885017.0,90064961.0,24149596647.0,306026844.0,98347989.0,2103930467.0,21348252538.0,8925514097.0,1196610388.0,16897758563.0
11230610,1069607950.0,6039224482.0,1.0,37079117400.0,1.0,1.0,2876544623.0,24133131822.0,17348116974.0,1623203088.0,61645482.0
11230650,10139413908.0,6443887820.0,199333945.0,180762776874.0,2269611090.0,2762809730.0,13298015366.0,87523553020.0,138983910715.0,39325886521.0,197867981.0
11230660,87365226713.0,30632214834.0,266859995.0,91435234400.0,2944805117.0,2857042844.0,10175164518.0,88355423078.0,93187076792.0,19534923862.0,21820347986.0
11230705,515516337.0,23064174.0,1.0,4956419627.0,1.0,80558276.0,216300726.0,3859429071.0,1.0,70907751.0,1.0
11230710,1922902085.0,3608287578.0,1.0,18031967209.0,1356535875.0,90331431.0,6462254511.0,72395694731.0,24922972027.0,4194638670.0,1.0
11230720,2402050151.0,283430039.0,1.0,20135771760.0,1.0,957601267.0,3879973591.0,28466761510.0,8596924956.0,2115355923.0,1.0
11230730,57297230.0,67582300.0,1.0,12682855553.0,1.0,1.0,2088240423.0,7574709616.0,29346050048.0,1031351258.0,1.0
11230740,1851347732.0,1041364024.0,9242826.0,23812094018.0,343913869.0,1.0,3615774038.0,25517660544.0,7165732160.0,1137760738.0,1.0
11230750,1.0,1.0,1.0,1109082156.0,1.0,1.0,1.0,798110213.0,379890637.0,50107484.0,1.0
11260520,2393622010.0,2764323405.0,3116200943.0,56437996616.0,4431453126.0,214148728.0,5978012606.0,41238208352.0,44187061850.0,5704313765.0,182165181.0
11260540,84448766.0,1045515697.0,1.0,6826509620.0,7014744631.0,1.0,710999701.0,5238288381.0,1099590553.0,51666687.0,1.0
11260550,2625569719.0,24000000.0,1.0,22809392513.0,544209360.0,293940521.0,1065325964.0,5770696274.0,3473440726.0,89134513.0,28467310.0
11260565,2374874706.0,1596882131.0,754778700.0,87200315805.0,134186625.0,58753442.0,5833329341.0,58009099269.0,39831979915.0,9626277004.0,3221568.0
11260570,1905623067.0,1704194961.0,3607126402.0,46463693939.0,5528741044.0,1.0,3732225569.0,15363905350.0,18788370625.0,3361845533.0,1.0
11260575,2931623003.0,3370031711.0,64072364.0,27402838728.0,2297285164.0,452429289.0,10665577424.0,62598242586.0,69389777479.0,11475339586.0,1.0
11260580,17666289009.0,2137881374.0,1.0,9131165781.0,1.0,109026949.0,4263102054.0,18588747857.0,13237242300.0,1283482223.0,1.0
11260590,6886716076.0,537052374.0,130379990.0,65440565046.0,44736127125.0,2287649410.0,10786918491.0,99054024627.0,36625083207.0,14617243731.0,1.0
11260600,1436726918.0,2746466705.0,490093667.0,11331105911.0,1.0,81373399.0,1519736148.0,8984177931.0,10141674597.0,3153084996.0,800886517.0
11260610,720802682.0,64873153.0,190361118.0,53383393610.0,424683342.0,94385866.0,14978046664.0,35478569861.0,16302443476.0,3038793472.0,1.0
11260620,1796244005.0,2023979899.0,1.0,24702003475.0,307831246.0,1.0,3454220341.0,17072334460.0,7408348538.0,3421615350.0,1.0
11260630,2073166441.0,899057463.0,1.0,24781038015.0,1.0,1.0,3431737927.0,11289144750.0,5532073204.0,10462227373.0,1.0
11260655,1514108099.0,1365577701.0,166193666.0,55572141680.0,265946736.0,496962998.0,5285433609.0,50076624133.0,25564062543.0,5799514789.0,761372016.0
11260660,1758888878.0,107455341.0,97730029.0,6610049119.0,1.0,1.0,477839263.0,4395208505.0,834231017.0,179599435.0,1.0
11260680,2843166243.0,4637626181.0,84219602.0,10479982697.0,4635556616.0,113717395.0,14317902408.0,38812138410.0,21053358217.0,7072234897.0,420474541.0
11260690,113633333.0,6050633278.0,1.0,272262225.0,1296218336.0,1.0,12181958554.0,2092066232.0,12475716741.0,1001660626.0,1.0
11290525,1892998223.0,493043531.0,1.0,15346146852.0,43382503.0,1.0,1698564884.0,20528503780.0,7392188343.0,1644317603.0,1.0
11290555,7504194686.0,15472294916.0,412009561.0,59280545002.0,13053254526.0,818940167.0,4328078557.0,62104428472.0,51412504410.0,15684243719.0,2009993669.0
11290575,2827826358.0,12986113560.0,10149040.0,41485196087.0,1587473360.0,1759802127.0,20830572385.0,100142590650.0,33826112154.0,26611363090.0,1.0
11290600,2890991125.0,1634213623.0,1.0,30354002995.0,1604331810.0,79445696.0,11061023226.0,83850249105.0,24072602367.0,10083882353.0,1.0
11290610,1.0,180691211.0,1.0,1880180235.0,1.0,1.0,736108837.0,3104307346.0,3593611100.0,95578126.0,1.0
11290620,105085713.0,5268510947.0,1.0,12965714921.0,1.0,20502484.0,3253408522.0,6292609474.0,11011078864.0,325674388.0,1.0
11290630,3318569205.0,7363719504.0,1.0,5545523027.0,1.0,1.0,1534738401.0,9846445633.0,15421329888.0,1151073199.0,1.0
11290640,358269177.0,818994925.0,1.0,25257429127.0,103420466.0,104010570.0,3106814035.0,19088411868.0,16652078237.0,1811556732.0,1.0
11290650,453362986.0,1777562489.0,401273095.0,12145143923.0,177204099.0,79250918.0,1781600751.0,12240136357.0,25961859522.0,551408988.0,1.0
11290660,842270691.0,6376208415.0,1.0,5603484312.0,1.0,71587171.0,1381232912.0,7114021342.0,7889819809.0,1003842682.0,29787207.0
11290685,8815322.0,10714427895.0,1.0,7342124821.0,67512856.0,1.0,1483289821.0,4067174276.0,2285264771.0,1.0,1.0
11290705,3411200290.0,10872040227.0,27075869.0,30275185576.0,5390728204.0,583855282.0,5611557319.0,38542483834.0,31795441357.0,3759424009.0,1.0
11290715,2933343920.0,1481944294.0,72964490.0,16194472305.0,300683841.0,1.0,6281237720.0,23554304925.0,42019600813.0,10656182216.0,1.0
11290725,2011814273.0,382352916.0,40084971.0,12447849591.0,7074099801.0,61435412.0,3479113562.0,30283917840.0,16342914418.0,6468727274.0,1.0
11290760,111458470.0,954172556.0,1.0,10212671799.0,101413486.0,95957835.0,1013043142.0,12167041676.0,5374474392.0,258122434.0,1.0
11290770,3486379606.0,425673024.0,1.0,23358009403.0,1.0,1.0,1936891501.0,13093204056.0,7628227590.0,1882956800.0,1.0
11290810,3228002372.0,1432078507.0,53874762.0,32770667221.0,501263949.0,245991485.0,5782487738.0,53385674855.0,17185668446.0,10229454693.0,1.0
11305534,685682072.0,950117462.0,1.0,16693987701.0,91044539.0,432844318.0,3531337942.0,5854054457.0,43467060187.0,1209651666.0,1.0
11305535,19470413738.0,1923262800.0,38019645.0,30102331326.0,1304891203.0,617142383.0,7546483282.0,39168504242.0,42721786467.0,12506835607.0,17543788.0
11305545,3329312725.0,2240402809.0,103393694.0,43369871674.0,63138632.0,1379456868.0,6589921542.0,63969224762.0,45716135592.0,51869766164.0,1.0
11305555,9469822132.0,2004167583.0,1.0,37325500721.0,3666650197.0,287558766.0,2845407396.0,22972102828.0,20089969998.0,4164627217.0,1.0
11305575,526681777.0,1070204411.0,1.0,5839042457.0,1.0,1.0,756835141.0,11628316051.0,10422063714.0,2192177694.0,1.0
11305590,8619703730.0,2113579061.0,61715998.0,31860904281.0,70989114.0,186658734.0,3264433619.0,12919686066.0,3396869534.0,567876737.0,1.0
11305600,2206422502.0,1.0,1.0,4257513075.0,1.0,1.0,1348846841.0,2399838651.0,1937203687.0,1.0,1.0
11305606,40060569.0,41354201.0,1.0,1361295137.0,1.0,1.0,430900173.0,3275483308.0,861410191.0,83902031.0,1.0
11305610,7649677593.0,2068128239.0,270711486.0,119411768350.0,90494337.0,1144781065.0,2619549622.0,19153364306.0,20919397967.0,13389258518.0,177457566.0
11305620,11057461479.0,2651006255.0,66107044.0,27236240531.0,1.0,127254322.0,3776075960.0,20228668959.0,5927637436.0,344058091.0,1000000.0
11305630,4865644974.0,2679478464.0,64230149.0,92159237978.0,272930173.0,7200627761.0,29019249532.0,188162030628.0,147366389034.0,58691326312.0,5900909685.0
11305645,641166653.0,1760872357.0,1.0,25246849755.0,231463964.0,342407479.0,2006835962.0,36398626256.0,20573395445.0,2988805048.0,253912124.0
11305660,417532178.0,2336120982.0,63674623.0,16533972992.0,730110.0,1.0,1372805774.0,18643705997.0,6075909624.0,131758962.0,1.0
11320511,68291116.0,1168036451.0,192457236.0,17738032247.0,720279072.0,1.0,3730212646.0,33953464767.0,37653420491.0,4972508035.0,1.0
11320512,159438930.0,3028652166.0,89775899.0,33283593538.0,15510421.0,1.0,1732292262.0,8159600992.0,9365759822.0,1889324239.0,1.0
11320513,1839177743.0,1142575816.0,1.0,27830634659.0,536863135.0,1.0,1710697063.0,17302354336.0,16027170540.0,3577270637.0,1.0
11320514,1133532760.0,6791590748.0,1.0,19628058493.0,1857054571.0,1950154604.0,11523013399.0,56213702296.0,71831460442.0,5954429585.0,1.0
11320515,907858472.0,6120145583.0,1.0,14201293434.0,1.0,122721981.0,2124758510.0,19293317832.0,13670272066.0,595622210.0,1.0
11320521,5656887776.0,527895732.0,10241209.0,61974958617.0,9961935543.0,151385326.0,40857020179.0,45585517031.0,12704925180.0,2531528694.0,1.0
11320522,604517718.0,338321016.0,1.0,263826210.0,1.0,1.0,743855871.0,6090778919.0,1960313513.0,1.0,1.0
11320660,329941421.0,1381374868.0,1.0,30763807631.0,2390241696.0,1.0,1307680644.0,11848040350.0,9775350229.0,1089026067.0,1.0
11320670,1068785742.0,3835893212.0,1.0,19911800056.0,70951440.0,16099208.0,5333829138.0,17966192284.0,22925856941.0,3341645886.0,1.0
11320680,1966617872.0,5496931122.0,1.0,29690359419.0,71171107.0,25480547.0,3511481831.0,26537361248.0,28684445212.0,6471107279.0,6696161.0
11320681,1.0,2789126905.0,1.0,10285240663.0,1.0,1.0,456111718.0,650947417.0,7616798172.0,25571969.0,1.0
11320690,13072948237.0,6533549541.0,190529855.0,46209466998.0,1.0,290193459.0,6732706801.0,43904564124.0,29365662128.0,5129693032.0,1.0
11320700,1385709438.0,4458469416.0,260258693.0,65963867237.0,69058441.0,20204724.0,2256291083.0,17306694982.0,49354865763.0,2465125602.0,1.0
11320710,1.0,558857641.0,1.0,6343989452.0,1.0,1.0,550374548.0,4270852004.0,13841791027.0,326254770.0,1.0
11350560,544294934.0,3015641614.0,1.0,15279788724.0,1357602533.0,673405037.0,5809389973.0,46573355000.0,33722239408.0,4191732692.0,1.0
11350570,1.0,28089758.0,1.0,1276473054.0,1.0,1.0,9472462.0,637944935.0,1.0,1.0,1.0
11350595,8116243704.0,4570673395.0,112979877.0,51978269557.0,2624109786.0,618836358.0,7797581073.0,72654815437.0,38577021480.0,31286184310.0,1112661883.0
11350600,1040442795.0,4516594766.0,1.0,10234546525.0,965877015.0,167055323.0,3028635673.0,29008628829.0,15884258753.0,1339140671.0,1.0
11350611,1.0,280867555.0,1.0,8298229736.0,12093085.0,1.0,884873767.0,5211893769.0,1418577102.0,6000000.0,1.0
11350619,31284003.0,77496655396.0,1.0,25532119212.0,7269563589.0,1.0,7977679444.0,40903018769.0,59438130871.0,5599748854.0,1.0
11350624,417896214.0,3547013577.0,2157751465.0,17870018138.0,1194113882.0,1.0,6522661813.0,57378026062.0,27361072188.0,5132482306.0,1.0
11350625,20380961437.0,1445736401.0,1.0,47205559762.0,1378360075.0,1.0,3829613045.0,26949411772.0,38844515716.0,48094626981.0,1.0
11350630,1224655574.0,2443751258.0,333580995.0,47495155688.0,1104346794.0,277728824.0,13288816922.0,61766688166.0,40624716728.0,4870801754.0,1.0
11350640,27212666589.0,20147196296.0,74080805.0,68205671553.0,8941379148.0,5203291458.0,36919077117.0,197192600494.0,230886715896.0,35958272562.0,1.0
11350665,1042886138.0,55492207.0,1.0,4952212179.0,1.0,236984616.0,199117856.0,3495527445.0,4112507715.0,1200255703.0,1.0
11350670,558256253.0,2581335198.0,1.0,18946724993.0,203655739.0,19421534.0,2099588040.0,9673620219.0,12743006519.0,779585731.0,38253718.0
11350695,403799190.0,2285703408.0,1.0,7722496886.0,1.0,1.0,9240960474.0,8594937024.0,19801222966.0,495743909.0,1.0
11350710,189836673.0,11395803901.0,1.0,6085103266.0,3897976219.0,1.0,2599500531.0,18333689445.0,40871795515.0,6702521509.0,319391220.0
11350720,2500300.0,2316790662.0,331302194.0,6196774953.0,1.0,1.0,953192857.0,616192084.0,1696435507.0,388239582.0,1.0
11380510,3599639636.0,2333183394.0,1.0,71217172452.0,1156126777.0,763243239.0,6478245690.0,34997529920.0,4113149119.0,445183697.0,1.0
11380520,13344771.0,426841988.0,5917260.0,7465811963.0,1.0,513482721.0,6552266989.0,27334976898.0,25289766019.0,5765579711.0,1.0
11380530,53361670791.0,4666534912.0,42953489.0,51005384126.0,9022900309.0,1882170957.0,15666206796.0,44653474018.0,95700680706.0,15819492984.0,1.0
11380551,373916306.0,4038167963.0,80587949.0,44569204554.0,1.0,638732782.0,12288625944.0,78444124993.0,42514201131.0,11317843089.0,1.0
11380552,321521083.0,25023200797.0,150828606.0,76610015807.0,3892553091.0,1.0,5608800497.0,32821343700.0,59881298067.0,8611238266.0,1.0
11380560,4606604335.0,1973382873.0,26339587.0,29216927564.0,253231375.0,1.0,4849690624.0,9792018091.0,2787364686.0,1400949365.0,1.0
11380570,9111675490.0,3424239632.0,106553039.0,83666153242.0,258343528.0,2850858625.0,7128443364.0,72211512457.0,56035283619.0,25898000035.0,1.0
11380580,9010725613.0,5615083131.0,167842136.0,36749859579.0,555494187.0,1772922170.0,7468813344.0,47550367563.0,47019699400.0,3974981017.0,1.0
11380590,53915957.0,1.0,1.0,893846122.0,1.0,1.0,414290301.0,773735401.0,4214709266.0,1364393800.0,1.0
11380600,1767448996.0,1793759812.0,1.0,67769041251.0,2821437439.0,1014228884.0,6044332647.0,38633370591.0,36054790396.0,12486677332.0,1.0
11380625,753143203.0,5933696159.0,13747706.0,29118005218.0,1224697364.0,1.0,9874003678.0,24011921478.0,14351612750.0,5628048436.0,1.0
11380631,53824018.0,3294826334.0,22223978.0,13467480122.0,14927217506.0,1.0,6075558531.0,19084319482.0,79665937999.0,2801559010.0,1.0
11380632,410839665.0,1625598435.0,1.0,7827054165.0,519797886.0,1.0,1320511576.0,6809147752.0,5924465046.0,213813714.0,1.0
11380640,254067787.0,3695826017.0,128384818.0,24636484358.0,44722794.0,1.0,3159062778.0,12528063652.0,13308326976.0,3974241614.0,1.0
11380650,1.0,1.0,1.0,16295835.0,6385149.0,28923537.0,138295302.0,1679556632.0,1726777009.0,502252322.0,1.0
11380690,6000000.0,115766957.0,1.0,108000000.0,1.0,1.0,123340982.0,17880957701.0,512186511.0,7106279031.0,1.0
11410520,432374383.0,591726571.0,1.0,13272771476.0,704226228.0,80000000.0,765037072.0,8107326430.0,16308340581.0,1999497828.0,1.0
11410555,21683235120.0,125341298.0,1.0,10935046189.0,1.0,249565647.0,245520154.0,7085236384.0,8691937166.0,3374228039.0,1.0
11410565,1768245869.0,1.0,1.0,12593365147.0,16291081.0,1.0,1049310412.0,42879828782.0,42073994948.0,680231421.0,1.0
11410585,9844666537.0,14966031864.0,707019464.0,77997333213.0,9293468797.0,6036513556.0,32927278510.0,236506072727.0,172513424276.0,41266017067.0,1.0
11410615,9051179353.0,7408983878.0,53025321.0,46701262209.0,489986803.0,1577753398.0,50240515501.0,83141066460.0,17675663885.0,12958459054.0,1.0
11410620,1029977049.0,4408342442.0,1.0,20881485262.0,1235852843.0,198112232.0,9755988669.0,38763005633.0,87236251603.0,7381365488.0,1.0
11410640,270992498.0,2769686151.0,19915533.0,91763184581.0,1.0,38490512.0,1899995679.0,22349977525.0,11277331936.0,2387567081.0,1.0
11410660,733704297.0,3224544641.0,1.0,50992604134.0,17748260.0,1.0,1286988697.0,9104338455.0,6929179075.0,1233611781.0,1.0
11410685,545253273.0,355259031.0,278701744.0,10675223719.0,2435148149.0,1.0,3248451536.0,24852942333.0,7148687834.0,2610824743.0,1.0
11410690,827955875.0,4899296446.0,1.0,17885513076.0,640291163.0,889309050.0,2400790693.0,8706137322.0,40483126613.0,6759821213.0,1.0
11410700,430948016.0,8780226473.0,85250188.0,22498909808.0,2182484368.0,1.0,3598455778.0,22196780218.0,17536269063.0,4693709080.0,1.0
11410710,286269961.0,1.0,1.0,4757843351.0,1.0,1.0,112637885.0,958757639.0,1.0,1.0,1.0
11410720,27444574510.0,12856210636.0,1.0,34040853723.0,81320259.0,46985045.0,5656258397.0,30739562154.0,20003814283.0,1740821640.0,1.0
11440555,846893968.0,2516435683.0,1.0,43317226455.0,564897545.0,1.0,1569645837.0,36254988180.0,50964540099.0,3532624954.0,1.0
11440565,5201323927.0,5260924359.0,122703091.0,20096783046.0,2326815333.0,96989239.0,11985386151.0,81274073908.0,105699752921.0,5959217370.0,1.0
11440585,1246507407.0,954115205.0,1.0,11922162102.0,626794074.0,207966137.0,4345988838.0,109904601936.0,12670694395.0,2340917482.0,1.0
11440590,10801022888.0,6055571580.0,1.0,25815132170.0,11393182097.0,755072727.0,4711505889.0,80791140938.0,42459124022.0,9930569546.0,39008208.0
11440600,1893518147.0,11689292347.0,1.0,8664952347.0,43329765570.0,1.0,3185630645.0,26161781226.0,9103846435.0,754220151.0,172850791.0
11440610,652092475.0,5321684632.0,1.0,17022134779.0,2759781758.0,68017285.0,2321161384.0,16957251705.0,8007433089.0,2431898894.0,1.0
11440630,3456698316.0,1142088173.0,1.0,45937644398.0,596148649.0,1869667648.0,2837976777.0,17906790087.0,11629628572.0,412465971.0,1.0
11440655,1411391891.0,5475070712.0,2433113044.0,24219630899.0,1089128566.0,8041257.0,7087530532.0,55677174442.0,3622428765.0,7083259868.0,1.0
11440660,21681321414.0,48836264547.0,1036339888.0,155986033245.0,29444734679.0,2952864788.0,84864814524.0,688149854782.0,187581045490.0,241183137546.0,5480491946.0
11440680,6955928612.0,2840822672.0,125913321.0,44285165925.0,1634567151.0,120410915.0,24686517518.0,137206076781.0,107898435694.0,33016747697.0,5702610697.0
11440690,1957532825.0,659932450.0,78000000.0,74099460318.0,111071349.0,1.0,3780393439.0,53040814325.0,14671737906.0,4140917045.0,1.0
11440700,1862612164.0,4803985435.0,209803079.0,69011844082.0,293236034.0,1.0,5222676216.0,34761329628.0,23426402308.0,2751785110.0,1.0
11440710,18747400996.0,1464000000.0,1.0,6094198397.0,1690598344.0,8613599.0,617534432.0,14591803709.0,1249832195.0,951418144.0,107748053.0
11440720,36839499038.0,2121560723.0,1.0,42507439590.0,215232176.0,1.0,4021636806.0,38105621705.0,11025946200.0,1109169418.0,215733001.0
11440730,6745649487.0,3892207157.0,44648175.0,751708383417.0,1884103212.0,1.0,1570030589.0,32608859362.0,4999266692.0,17022964803.0,1.0
11440740,4374761368.0,7452582652.0,1.0,31481758062.0,11552807344.0,1.0,9413328595.0,175897871488.0,29453632226.0,5714061724.0,2988000000.0
11470510,3333402972.0,70488460369.0,210505174.0,10961481856.0,4039347413.0,141393223.0,10777403941.0,72195459258.0,42243764781.0,6897620034.0,1.0
11470520,781631971.0,1064057258.0,77247003.0,26151399106.0,1375262546.0,1.0,2831719477.0,23919220194.0,23584572280.0,2780934645.0,1.0
11470530,15025211745.0,3095605172.0,806391123.0,36530293249.0,348039156.0,20551473.0,11050661171.0,48765941116.0,42461256189.0,10449676680.0,74165406.0
11470540,508766803.0,3227732890.0,280308762.0,41139055906.0,248503418.0,1.0,7175105775.0,12237377532.0,10048287363.0,2267085932.0,1.0
11470550,11985949195.0,114504373800.0,1.0,56396106958.0,1905762781.0,1.0,11183565546.0,87712589717.0,64462800515.0,9416287888.0,3982615749.0
11470560,1727551151.0,2096776854.0,384066956.0,84231736520.0,1621117582.0,5721835.0,4682419198.0,26972833270.0,15197134551.0,7066791131.0,512955.0
11470570,667029458.0,2684853272.0,1.0,25237754432.0,26466880.0,443703078.0,1558095140.0,7980067976.0,12923912229.0,1366752882.0,1.0
11470580,1359514341.0,507484725.0,1.0,13541740539.0,73377672.0,1.0,1750614825.0,8491411010.0,9441437497.0,2953618189.0,1.0
11470590,1333863793.0,5181814765.0,1.0,14831856424.0,120478970.0,1.0,2730186254.0,25757467239.0,16458793489.0,2092437670.0,1.0
11470600,10455882966.0,141156738.0,1.0,7124597864.0,825949068.0,72945265.0,4162546972.0,12563498991.0,6573493948.0,8150947237.0,1.0
11470610,3668245430.0,452544512.0,1.0,18120305641.0,1.0,1.0,1866282797.0,7081486134.0,21640542332.0,6632020593.0,1.0
11470611,2105096891.0,1632147140.0,1.0,16745482854.0,508411087.0,1.0,4474672821.0,12372600920.0,23623286827.0,1738890166.0,1.0
11470620,4138572231.0,24204240743.0,1.0,24296316461.0,2658237431.0,54414438.0,4081406419.0,23042366488.0,11058535913.0,2277094947.0,1.0
11470630,4457413508.0,24266863510.0,62005061.0,25037331917.0,335171002.0,1.0,3512846245.0,23662656458.0,13945719422.0,1755122277.0,1.0
11470640,243976219.0,3076073371.0,1.0,15891553956.0,378179947.0,1.0,3789762275.0,7007931856.0,5569216030.0,4450059.0,1.0
11470650,10789162918.0,23095361141.0,177628349.0,76683669457.0,9753577480.0,122183532.0,27394917223.0,96599154436.0,96775211283.0,34050109232.0,298129557.0
11470680,1.0,36642694.0,1.0,984570926.0,1.0,1.0,12044023791.0,4821758568.0,1.0,1.0,1.0
11500510,321037900.0,101216308.0,1.0,9530416773.0,1.0,20776698.0,793973885.0,5226475222.0,2435955814.0,25523145.0,1.0
11500520,5044317230.0,2853911891.0,1.0,21034442191.0,10510763695.0,1.0,4982348968.0,16168090045.0,45913407441.0,47442992.0,41098646.0
11500530,18896.0,169728493.0,1.0,3470483256.0,1.0,1.0,163821517.0,1155510005.0,1.0,911021271.0,1.0
11500535,8245351298.0,20695282977.0,892261916.0,48211425270.0,7300864864.0,1.0,27538715611.0,42967315985.0,55261104009.0,11046745633.0,424000735.0
11500540,11241288604.0,7495693319.0,199005701.0,105634701172.0,2536458735.0,7430620443.0,20343274136.0,130518793737.0,105714123078.0,21695770036.0,1132687979.0
11500550,6702424044.0,3617593765.0,15721261.0,11641101393.0,7325741949.0,1.0,3059323853.0,10489893080.0,7881949727.0,1905882251.0,4000000.0
11500560,530741280.0,2862222306.0,64104395.0,13154943981.0,1.0,25000000.0,2033563637.0,11560259921.0,11061647672.0,1688098286.0,1.0
11500570,19952449614.0,5005102073.0,1525606921.0,76731191770.0,1461208812.0,76628363.0,5661353849.0,39757492794.0,46161223443.0,9230203779.0,1.0
11500590,1202293794.0,6437710786.0,1204942197.0,55131486897.0,1579366010.0,2248800432.0,2280770782.0,27253215937.0,13766802616.0,21304583800.0,1.0
11500591,2460863668.0,2264843293.0,92403110.0,53690267157.0,1085732428.0,3692821406.0,6340942420.0,70155401872.0,24768044112.0,8129386134.0,1.0
11500593,360726087.0,1014096554.0,223487799.0,43151894983.0,29633157.0,1.0,5104817480.0,17170945414.0,33180186202.0,5194566685.0,1.0
11500603,3588736716.0,5035526518.0,15000000.0,52494703866.0,23893318453.0,1.0,15946429863.0,132990580013.0,27038947485.0,29751021418.0,128283646.0
11500605,618828037.0,701124458.0,1.0,3495867284.0,1.0,1.0,349321914.0,2124474873.0,7357768847.0,1.0,1.0
11500611,518371862.0,11441807603.0,1.0,414937205183.0,1406740085.0,1.0,4865238119.0,27727098501.0,26318503754.0,5475865941.0,1.0
11500615,1018175374.0,20251196628.0,118883671.0,29846816424.0,5784897423.0,1.0,3307291049.0,21395341815.0,10496860412.0,2769981992.0,212253452.0
11500620,1490082285.0,1377220945.0,1.0,100476294313.0,237937455.0,571325602.0,5939374611.0,46095139962.0,18206325394.0,6285976465.0,1.0
11500630,24066911193.0,4567424438.0,9001650.0,63161441414.0,5538698132.0,407337574.0,5948378003.0,43445002747.0,32954679753.0,12418611585.0,1.0
11500640,1675727311.0,653272307.0,1.0,12845277771.0,926484282.0,699733157.0,3151520537.0,16233873199.0,15746155252.0,5023742886.0,1.0
11500641,1060676644.0,7798319.0,1.0,12101969424.0,993686214.0,1.0,1315973666.0,18354023804.0,3650368975.0,1.0,763844192.0
11530510,782969279.0,62185979.0,1.0,5010674211.0,1.0,1.0,308215882.0,4359365208.0,1.0,9232592.0,1.0
11530530,479418889272.0,274992268.0,1.0,127565001635.0,16843851505.0,2125202081.0,8217624295.0,77012234697.0,59711513406.0,11184594257.0,104439353.0
11530540,182964099160.0,6885094539.0,626446397.0,54459807144.0,18352860200.0,1503797650.0,51936012513.0,260110485482.0,113620297602.0,70718925182.0,78133153.0
11530550,1920755085.0,2997577407.0,1.0,22160029727.0,1.0,353381980.0,4555081538.0,32945741314.0,43325076804.0,6678663802.0,1.0
11530560,39460855156.0,3663978363.0,1.0,53996471176.0,14577348985.0,2932059919.0,13421705567.0,144708176946.0,54703482558.0,20149332478.0,2471618617.0
11530595,6802701555.0,1175666203.0,1.0,57300886001.0,174466942.0,499815007.0,2469595635.0,21134713645.0,8756322357.0,809095938.0,1.0
11530720,4560161213.0,295608100.0,27598244.0,19534702057.0,271535104.0,1.0,5990278853.0,25571041816.0,17446428292.0,1276720396.0,1.0
11530730,5937200555.0,4255710846.0,1.0,73391639294.0,326392313.0,1.0,4900747910.0,31448678125.0,22777485796.0,2468383107.0,1.0
11530740,240461761.0,2905036314.0,41393184.0,15349431875.0,24000000.0,617359434.0,2578213695.0,21331032536.0,11579263219.0,1016068594.0,1.0
11530750,429035086.0,671426428.0,1.0,20919558203.0,1.0,45991248.0,3542044065.0,12064573768.0,10162461650.0,1569995003.0,1.0
11530760,4743265358.0,5180192120.0,1.0,29760159113.0,486539007.0,66000000.0,6414962817.0,20412050723.0,27582781781.0,1425761933.0,1.0
11530770,2894052466.0,2933129681.0,1.0,46619565303.0,632457615.0,2102961075.0,5846690246.0,26330276396.0,51756657291.0,6787339282.0,4463900.0
11530780,223635859.0,1322706484.0,1.0,17895557066.0,1.0,1.0,2843946295.0,16683047973.0,13633448638.0,918878297.0,1139946.0
11530790,909633708.0,2908502725.0,1.0,23777692665.0,1105751272.0,1.0,1359390852.0,16740458900.0,7651903888.0,156186441.0,1.0
11545510,28834906220.0,1529634930.0,2152847262.0,231034134552.0,141300195631.0,3633924629.0,130678169830.0,320467471984.0,152758064665.0,383394728097.0,14754223764.0
11545610,4075403815.0,854332567.0,8690036.0,913684516062.0,9174127809.0,1031360324.0,14561446297.0,69104606399.0,35568812357.0,9307502582.0,36054734.0
11545620,3396730516.0,1244037340.0,1.0,35732027995.0,21464669.0,4649655.0,3408096510.0,13513669811.0,26152916279.0,1504040988.0,654438.0
11545630,7814153422.0,2519062031.0,1.0,149972730218.0,4457850363.0,65456537.0,5150658340.0,39724249494.0,26740735177.0,6303416985.0,113882954.0
11545640,2734399310.0,1271771015.0,511852304.0,31258922780.0,405178873.0,333917276.0,4487084853.0,25593532918.0,10197596246.0,1701582843.0,1.0
11545670,3237122732.0,4879983567.0,380749226.0,103024995877.0,889827643.0,1473797945.0,9608649665.0,82501957202.0,92417950472.0,16227121209.0,1.0
11545680,1.0,1001459556.0,1.0,1846690460.0,48032103.0,1.0,383602282.0,2892166401.0,4628448947.0,2270761329.0,1.0
11545690,244116039.0,569976796.0,21226992.0,20846579949.0,562377092.0,1.0,5669525821.0,14090069775.0,7786894355.0,245287625.0,1.0
11545700,325652674.0,1704827266.0,14846919.0,22876015797.0,31227525.0,1.0,3016063153.0,9215185370.0,22557328696.0,1193083123.0,1.0
11545710,478017277.0,4577452031.0,1.0,44255386604.0,1.0,1.0,4168233260.0,15690169837.0,37308433001.0,4014920467.0,1.0
11560515,2298686171.0,434706892.0,81278706.0,6456950508.0,1.0,34346819.0,501351591.0,25603764687.0,5749128506.0,42949031873.0,1.0
11560535,104924204531.0,1829473634.0,1034690291.0,312007642074.0,33345654724.0,8462244471.0,30405959491.0,238218793825.0,111328100282.0,192994053428.0,80926473.0
11560540,9831559232.0,28431845624.0,15521375.0,111363619702.0,14376720452.0,378266098.0,32613092719.0,624315967543.0,116730104070.0,55251032264.0,22070000000.0
11560550,5420545411.0,1015022610.0,407031487.0,567423455570.0,3780086660.0,508578338.0,12266391446.0,91206621729.0,45555657951.0,7284764956.0,42324793.0
11560560,1531018524.0,13621177885.0,443972368.0,32443985341.0,1968582707.0,757568922.0,9797957686.0,124289174213.0,54559753444.0,18626606129.0,712710021.0
11560585,305958373.0,2166467118.0,91222430.0,22667155559.0,328659130.0,258483966.0,6182339508.0,17800743094.0,20419837395.0,2910049631.0,12958543.0
11560605,375092325.0,662702898.0,106428692.0,171218357295.0,4321571400.0,97432809.0,3489993593.0,94283757972.0,86015567912.0,8499534750.0,68277.0
11560610,148000349.0,218267239.0,1.0,20378201567.0,3439219658.0,122578439.0,2884770360.0,24065023731.0,16714428032.0,3392077251.0,17352000000.0
11560620,762031902.0,2045912316.0,163142594.0,16407551206.0,9274508791.0,220867505.0,9646637317.0,59681575775.0,167773734749.0,8718999963.0,2061811568.0
11560630,3101661657.0,1630690115.0,1.0,31848428636.0,493896851.0,560305896.0,12041369852.0,34373685179.0,32165986864.0,3258867299.0,1.0
11560650,168999538.0,1345270379.0,199315817.0,20111054681.0,1.0,1.0,1421925726.0,4184877781.0,7313662033.0,1184351806.0,1264376.0
11560660,1.0,1.0,1.0,5169783425.0,1.0,1.0,149438900.0,1815870817.0,81022207.0,853882272.0,1.0
11560670,23618717407.0,4971280592.0,1.0,10737980553.0,1.0,119466553.0,979936191.0,11279494220.0,1167559875.0,257372058.0,1.0
11560680,472102776.0,1553934669.0,22955172.0,39677576201.0,1.0,224480535.0,1772289863.0,23644840163.0,23113820785.0,679860528.0,1.0
11560690,1347428075.0,2384863147.0,1.0,9607503232.0,1.0,8313324.0,2948675288.0,8948037635.0,15118441885.0,353049631.0,93011751.0
11560700,576957568.0,977084931.0,1.0,26199989573.0,1.0,327901739.0,1982885141.0,20152368438.0,30023457358.0,2615656422.0,1.0
11560710,1984363484.0,259263058.0,59968948.0,43693508234.0,171218510.0,217921660.0,2387742230.0,35789760277.0,5674676987.0,11301178990.0,1.0
11560720,2155836335.0,9842755091.0,1.0,95732382479.0,10824649002.0,197049747.0,9995619106.0,71256058684.0,466419357547.0,16735294187.0,1.0
11590510,3034409277.0,47816904371.0,4973419.0,2176233986907.0,66629482978.0,1721763683.0,10132553715.0,117519838661.0,19811829747.0,10241881945.0,1.0
11590520,63928452.0,1.0,1.0,10846231784.0,1.0,54113645.0,690332041.0,8036431939.0,5804057654.0,795156247.0,1.0
11590530,27278893996.0,12920219344.0,54128680.0,47485210305.0,1822062921.0,271036396.0,10599951256.0,56081468634.0,35206376981.0,2978104871.0,756142453.0
11590540,948610227.0,2988690685.0,1.0,32013177706.0,27498843.0,33559367.0,3258087758.0,26996296354.0,18945094966.0,3274752476.0,1.0
11590550,522933832.0,1754006595.0,1.0,42773925969.0,1.0,161966776.0,3465802921.0,18737854539.0,20909956494.0,5724228003.0,1.0
11590560,1364001777.0,2457345796.0,1.0,15468443731.0,1.0,1.0,1042683757.0,14960489697.0,12035129125.0,2284272632.0,1.0
11590605,248523245.0,2725322538.0,1.0,19420423194.0,251113647.0,24646155.0,3187228259.0,29805860845.0,8486173380.0,1839549073.0,1.0
11590620,3778145688.0,2881032962.0,321571611.0,41032551779.0,263380474.0,1.0,5757767831.0,70459490705.0,17287988771.0,3700195971.0,125825085.0
11590630,9326854511.0,3656545622.0,764960081.0,62176459409.0,2048879671.0,466203053.0,22499808233.0,131259083500.0,141903888715.0,17300138832.0,1.0
11590640,3303843615.0,5308212112.0,1.0,3084571926.0,1.0,169228519.0,421863571.0,3019567725.0,2616404518.0,312478301.0,1.0
11590650,5685157572.0,5114145353.0,1.0,31656557409.0,316905441.0,2401617.0,3622583709.0,17778397705.0,39925193480.0,3121292276.0,1.0
11590651,730616365.0,783429680.0,1.0,2936858926.0,59817397.0,1.0,95705983.0,597618943.0,1.0,1.0,1.0
11590660,3663553151.0,34109693806.0,134485640.0,63076395162.0,12391919064.0,682172385.0,13398650348.0,79094437153.0,64525335599.0,4446172406.0,1.0
11590670,41078709.0,421407093.0,9836222.0,10839730254.0,231699870.0,175834401.0,3225304444.0,16173990488.0,20493687819.0,1926399747.0,1.0
11590680,239127459.0,3585733228.0,1.0,23647662680.0,404725980.0,1.0,6253921253.0,75101622992.0,35129479154.0,1411790008.0,1.0
11620525,636639351.0,2643401454.0,42820700.0,36130975439.0,41119745.0,1.0,3463051978.0,14365239180.0,17547858620.0,937632824.0,1.0
11620545,1.0,1.0,1.0,1.0,1.0,1.0,5873172.0,64246955.0,1.0,1.0,1.0
11620565,909121520.0,5382715080.0,1.0,67207150214.0,1509914528.0,1.0,313073851.0,836339852.0,2543037914.0,16876712.0,1.0
11620575,1414072063.0,1004529890.0,23357711.0,20247663906.0,675160691.0,1.0,3305358650.0,16648910678.0,18661706632.0,2654096813.0,1343924982.0
11620585,381854404.0,488533119.0,1.0,13030395373.0,1.0,1.0,1753443000.0,48874748439.0,5221745692.0,1.0,1.0
11620595,13153809513.0,8477070826.0,1989954009.0,83066241482.0,665483181.0,7045228443.0,33397634328.0,139633109325.0,98285410806.0,177595877666.0,54481043.0
11620605,589788156.0,1.0,12456264.0,16218161109.0,1.0,1.0,1644910541.0,9736586116.0,4480755440.0,811018961.0,3995600.0
11620615,827304880.0,2194785724.0,160223316.0,30227728971.0,1.0,1.0,1747395133.0,21814498879.0,19197967563.0,3854344163.0,1.0
11620625,194196842.0,1733224414.0,107427054.0,41733937851.0,207069228.0,1.0,2155021489.0,18649979449.0,17252333669.0,1943757095.0,1.0
11620630,500595.0,1993616452.0,1.0,24305588460.0,39149646.0,1.0,3274641583.0,14168696666.0,17584972560.0,388505013.0,1.0
11620645,938371964.0,1386921182.0,1.0,22055760738.0,10051282.0,464362731.0,7660178678.0,83784183624.0,8383086782.0,10967209338.0,1.0
11620655,1075486252.0,1527490229.0,839976712.0,36822938826.0,217765420.0,36000000.0,3218783841.0,15484508538.0,7620398626.0,3192690523.0,27914966.0
11620665,653449042.0,1071797277.0,3490000000.0,17610088319.0,202808538.0,1.0,2363645415.0,15597502039.0,7884467630.0,853707534.0,1.0
11620685,1544356495.0,4487467055.0,12699984.0,43162942434.0,1492585485.0,325116724.0,6754888287.0,26574427274.0,31817600943.0,2608475356.0,6064635059.0
11620695,33027723932.0,5578608703.0,88141300.0,75102148179.0,307148499.0,7285021927.0,17497790931.0,137248233144.0,71696077782.0,33591567691.0,166082801.0
11620715,1.0,262526883.0,1.0,4378395421.0,1.0,1.0,50182626.0,1304957258.0,2718464857.0,1.0,1.0
11620725,870099915.0,3053250142.0,230863564.0,33733192848.0,191601811.0,324130398.0,3331951055.0,25636966434.0,20234166065.0,6813429229.0,1.0
11620735,187344363.0,8856350070.0,970879.0,30773164748.0,2441166848.0,2000000.0,9678871418.0,50330557844.0,23798613882.0,1361149530.0,1.0
11620745,1069497411.0,2439720080.0,1.0,34982082590.0,277838796.0,1.0,258986309.0,3822428603.0,4741022785.0,3910900104.0,1.0
11620765,2180393840.0,3366837176.0,175979924.0,27839568529.0,245000817.0,1.0,7121074954.0,17210845424.0,18686422057.0,11869139847.0,1.0
11620775,925113291.0,3399330150.0,1.0,21828465295.0,795255121.0,1.0,5889620088.0,17628554488.0,36053637893.0,4754963115.0,1.0
11650510,150065362269.0,26547699654.0,1252728.0,85063153055.0,35473553735.0,1336807139.0,38199795066.0,288280787748.0,164460652379.0,74235571214.0,8692400059.0
11650520,21320654567.0,58590476631.0,13589993.0,126327516102.0,41610305157.0,3447834019.0,61845537788.0,619275679581.0,776475101601.0,206443197915.0,21807907.0
11650530,12538736222.0,21539508048.0,84835450.0,91535409507.0,8120907254.0,4083421606.0,30885346560.0,193144898545.0,97886678152.0,33918863449.0,44055790.0
11650540,26321264634.0,19180869173.0,212211722.0,38824099825.0,3311539899.0,1815523802.0,16456204980.0,140306070947.0,270929114898.0,52150445190.0,3060472109.0
11650550,563894416.0,6209025340.0,1.0,119674444.0,301514312.0,1.0,228070819.0,1685735929.0,594488195.0,4747751861.0,1.0
11650560,138968862.0,276124518.0,25138440.0,10251222773.0,80626641.0,1.0,2865384462.0,15809235005.0,3654193578.0,844849233.0,1.0
11650581,94078221578.0,154142102060.0,67500509.0,125395031976.0,13402716261.0,397723917.0,28893331021.0,282456470751.0,134628976251.0,151461893551.0,1.0
11650590,30665431408.0,11548932924.0,1.0,19383448852.0,390325313.0,1621992657.0,11371420100.0,60907220342.0,13569922240.0,4625211265.0,332229023.0
11650600,2479871145.0,24775267229.0,1.0,53117647797.0,6573579799.0,14555874.0,20099356797.0,60620840798.0,81685680273.0,6936227897.0,4185606985.0
11650610,8220654238.0,5726924050.0,418832358.0,51949909019.0,2766110128.0,3043599745.0,10899123675.0,146462315784.0,24435579905.0,17538083537.0,1.0
11650620,54779232.0,3287843186.0,1.0,4302037945.0,481434119.0,1.0,405965480.0,4676248251.0,55136329291.0,300000000.0,1.0
11650621,4721166318.0,15572663687.0,1.0,85506624071.0,10175529600.0,160282951.0,7222697456.0,66635902008.0,27413225465.0,15707937649.0,1.0
11650651,61815062173.0,4148698270.0,1036266631.0,41479997596.0,19632524654.0,173542229.0,17278796913.0,100267322233.0,55163866938.0,20358091580.0,962606070.0
11650652,73587224508.0,6363229639.0,100749273.0,208200818961.0,35894648333.0,427757010.0,22379822280.0,166544638424.0,97441223095.0,40284880427.0,276791590.0
11650660,929780285.0,1.0,1.0,531531997.0,1.0,1.0,2463052767.0,6117764033.0,916927139.0,1.0,2987663.0
11680510,4634585757.0,108224235847.0,2512820288.0,37475487208.0,10854431657.0,1080456766.0,49954962253.0,256928735099.0,389567290826.0,225695198718.0,977702238.0
11680521,185819327853.0,15695192506.0,224787516.0,243547474252.0,14111873099.0,2094693577.0,81723034159.0,416122367047.0,407725561419.0,139646516064.0,1825274567.0
11680531,24655415620.0,10796120028.0,372983400.0,70126369680.0,21055381058.0,1676891080.0,51356188673.0,191705259660.0,107849915978.0,30399707004.0,83816573.0
11680545,28840700581.0,34919426542.0,77907874.0,79232918410.0,10602497674.0,2170816818.0,125962489149.0,508623915981.0,292622036059.0,666263849584.0,11670596732.0
11680565,50042511761.0,22471937176.0,262126734.0,86828870798.0,16006310748.0,1.0,79031331410.0,170700320267.0,135170281376.0,362244926414.0,3396392819.0
11680580,96389695901.0,1737794229.0,247296866.0,83282788925.0,17265836836.0,182820525.0,21312403090.0,273838551999.0,55225252091.0,449542576238.0,93187490.0
11680590,43563899868.0,45332926381.0,1498006998.0,135706131334.0,13270754553.0,5170845549.0,41238506374.0,568977110569.0,188388164161.0,140063252608.0,59473989840.0
11680600,17767281301.0,71091858435.0,1.0,28819912828.0,612243735.0,1.0,8022671905.0,38700390738.0,60597124876.0,2135645322.0,1.0
11680610,4403937416.0,34231868320.0,1.0,41358514015.0,22803208626.0,1.0,13290107522.0,235631022448.0,128242768179.0,460890041499.0,1.0
11680630,15530323874.0,533067416733.0,964502678.0,83386538947.0,13738653246.0,873965857.0,30570088222.0,142001882643.0,239554209836.0,80004630586.0,1.0
11680640,62079822259.0,27915048004.0,193122233.0,242965312033.0,32179842564.0,16304086073.0,82511511257.0,588476464462.0,234968882820.0,94694817224.0,2356227909.0
11680650,5697593028.0,6217504427.0,1.0,42618704268.0,4044417988.0,1.0,7951935120.0,21780123369.0,48755248285.0,11426944173.0,220192611.0
11680655,1.0,262540049.0,1.0,5962519543.0,1.0,1.0,889876157.0,1679275872.0,33209497669.0,129257166.0,1.0
11680656,1375945858.0,1443485009.0,1.0,8481260618.0,1788296158.0,1.0,6054462888.0,67932665186.0,42404499619.0,6362269391.0,1.0
11680670,419705796.0,19781110046.0,1.0,20645101271.0,1152158586.0,1.0,3530754419.0,34041754959.0,23389458263.0,5072080108.0,70440431.0
11680690,14238566457.0,6105231282.0,1.0,28423967675.0,140989965.0,1.0,6726065462.0,22756140390.0,20013652627.0,3166473169.0,2514641759.0
11680700,559795411.0,6601269776.0,11163994.0,40527612201.0,80472226.0,1.0,3237887328.0,20151810919.0,19242950513.0,447958618.0,1.0
11680730,2170440178.0,3191691798.0,1.0,19523424191.0,435326356.0,1.0,6169967104.0,39596261174.0,27033346584.0,2461773904.0,1.0
11680750,2686401404.0,345984113.0,1.0,58048059541.0,3509492813.0,1.0,9605915612.0,51671934760.0,43815266037.0,18662187206.0,1.0
11710510,519255069.0,226302177.0,68329676.0,14174030088.0,1063235458.0,1.0,1817858895.0,8225228880.0,11691312756.0,583175260.0,1.0
11710531,860179775.0,394594260.0,1.0,24254540433.0,1.0,250713319.0,3070247486.0,10578266684.0,5787286079.0,642200543.0,1.0
11710532,1188320644.0,10219020440.0,1.0,13864822131.0,268648529.0,1.0,3685677220.0,25595580509.0,46842740816.0,3333131702.0,1.0
11710540,2151254676.0,1505537997.0,65004723.0,26719252609.0,92783345.0,102016566.0,1779790230.0,12104099795.0,101907327004.0,2089725038.0,1.0
11710550,3892884869.0,621972387.0,1.0,43130281268.0,512729881.0,1.0,8522914124.0,17724662845.0,27346713806.0,6845442079.0,1.0
11710561,438273288.0,67206222949.0,1.0,23678434945.0,10528543669.0,493107527.0,5871643431.0,60263376550.0,57784902857.0,6080452063.0,1.0
11710562,28180082273.0,22285041790.0,1210275174.0,89685140958.0,5201771001.0,13914625730.0,44147858027.0,239992874760.0,75203631617.0,23284678039.0,6546578.0
11710566,1318007212.0,269573804.0,1.0,63368392712.0,5833957636.0,13875951443.0,16416386706.0,235592720016.0,55663542037.0,18896009813.0,472409698.0
11710570,897430787.0,29173632667.0,1.0,102573331942.0,66220454.0,1.0,7735368545.0,46345621650.0,19208829436.0,4863517753.0,1.0
11710580,4888847276.0,11052695400.0,151119434.0,34552656675.0,2671630904.0,93110894.0,11922511408.0,102261655272.0,62540420821.0,13496399619.0,42587412.0
11710590,38228446.0,1234825701.0,1.0,2569665644.0,1.0,1.0,5248470318.0,1081589514.0,1135507019.0,661256599.0,1.0
11710600,10315816886.0,25347572918.0,153361896.0,64898184716.0,6682923264.0,745385327.0,10868382800.0,76119877931.0,44962862251.0,22695311559.0,159347246.0
11710610,11466734868.0,19679579589.0,170816425.0,84452171470.0,2835770605.0,1020310498.0,19759735278.0,61174888870.0,87128922968.0,1671350799.0,210614527.0
11710620,3880847609.0,4106619692.0,382647391.0,94897732630.0,5492445897.0,111784848.0,23697647640.0,128095095956.0,50462974597.0,18068040086.0,27826496.0
11710631,1.0,1.0,1.0,1393337063780.0,1.0,1.0,1.0,45044220345.0,4454143735.0,1261469048.0,1.0
11710632,12258486694.0,9079326537.0,1.0,68814531756.0,1397966627.0,1.0,13119056899.0,29771217018.0,53082324238.0,455879741.0,1.0
11710641,2144926617.0,3263922525.0,107068301.0,50501938629.0,7261330.0,43651408.0,12429574112.0,35387837152.0,45065295367.0,62818144403.0,1.0
11710642,76885592246.0,5760827581.0,67194091.0,94518257115.0,14646976653.0,1.0,22217071432.0,128827385989.0,92008498221.0,44193486757.0,54183466067.0
11710646,1901440266.0,1751701985.0,58514910.0,18592141304.0,379456138.0,1.0,3068304488.0,14287303109.0,14362076061.0,567119568.0,1.0
11710647,1.0,372600000.0,1.0,2284804136.0,1.0,1.0,67983909.0,954423644.0,1.0,1.0,1.0
11710650,13128444713.0,74380497833.0,1507806015.0,169360246377.0,4575178503.0,6053293143.0,67184242960.0,237967777293.0,199021806593.0,28682944462.0,1432831830.0
11710690,1.0,996000000.0,1.0,162907162.0,1.0,1.0,1159705495.0,782742495.0,4460908630.0,213339766.0,1.0
11710710,159255125.0,7416812132.0,1.0,39032392207.0,5093075859.0,1.0,9834592370.0,119710516076.0,81903391342.0,48968078422.0,16495402.0
11740515,1.0,5475464387.0,1.0,3346002489.0,680274002.0,1.0,2307540627.0,6406804938.0,6527914305.0,777279481.0,1.0
11740520,13096322.0,1995235987.0,1.0,7562546105.0,394627696.0,1.0,9667251370.0,26138372429.0,17317656346.0,398220474.0,9764178.0
11740530,3125926654.0,12114364198.0,626158578.0,42201406448.0,1476778629.0,304941300.0,10058103870.0,54230046789.0,69880532547.0,15076698669.0,1.0
11740540,278298125.0,71692016310.0,1.0,27818961054.0,10953683299.0,1.0,9616334540.0,74462346404.0,74357325037.0,8732245472.0,1.0
11740550,57822718.0,5680806892.0,1.0,9692117914.0,122678818.0,1.0,721006146.0,8229334443.0,8956726778.0,136455544.0,1.0
11740560,26920688.0,2070284719.0,1.0,22224979621.0,187365650.0,1.0,3240169640.0,17993018113.0,31594236399.0,1211897001.0,1.0
11740570,1331219108.0,983946435.0,3810757765.0,57454679417.0,160002654.0,240496730.0,3706575049.0,25936433933.0,9551926156.0,3836657230.0,1.0
11740580,137122045.0,2961583288.0,40290944.0,10149723879.0,1.0,10749226.0,8231471793.0,41671599839.0,42426936344.0,3711907335.0,1.0
11740600,2314042081.0,14658230831.0,1.0,51123414571.0,674372843.0,1.0,5346298093.0,32433828094.0,35732234133.0,11927538991.0,1.0
11740610,21845577841.0,11675294624.0,955207873.0,108633227156.0,27980968206.0,4348407610.0,24472699262.0,158357558268.0,167662447849.0,142727543524.0,28784485.0
11740620,414603785.0,1362419007.0,2638073.0,19716615003.0,79794541.0,521653796.0,1839535204.0,8171148105.0,5047275980.0,10937967361.0,1.0
11740640,22685752363.0,2796357584.0,1055590.0,16209782096.0,2369416701.0,1.0,29363747411.0,55627570921.0,21420015485.0,15204847059.0,120713792.0
11740650,1563013862.0,2168835877.0,1.0,29982021151.0,191394488.0,646484822.0,3468739440.0,29614302021.0,12947203536.0,15266410282.0,13156071.0
11740660,20190060903.0,22819421283.0,227470438.0,85159075752.0,2078278118.0,310282854.0,18820642792.0,86669096828.0,61102032283.0,12661207496.0,409584453.0
11740685,10974759888.0,9772585736.0,141360782.0,87636463170.0,854905586.0,4825980941.0,13011618469.0,118704705199.0,152919970708.0,12635621620.0,9816.0
11740700,1459911465.0,4708540255.0,1287397999.0,13890176149.0,741140486.0,48654812.0,23571870233.0,21468021021.0,21559888834.0,3670555349.0,1.0
