행정동_코드,가구 및 가전제품,교육,기타,생필품,서적 및 문구,숙박,여가,음식점,의료,의류 및 패션,전자상거래업
11110515,15.0,2.0,1.0,42.0,6.0,1.0,10.0,161.0,2.0,31.0,1.0
11110530,58.0,49.0,1.0,153.0,31.0,1.0,112.0,1164.0,120.0,247.0,3.0
11110540,13.0,1.0,1.0,34.0,1.0,1.0,1.0,180.0,1.0,64.0,1.0
11110550,4.0,26.0,1.0,28.0,1.0,3.0,13.0,72.0,5.0,19.0,1.0
11110560,4.0,32.0,1.0,25.0,6.0,1.0,26.0,71.0,9.0,24.0,1.0
11110570,1.0,9.0,1.0,7.0,1.0,1.0,4.0,24.0,8.0,21.0,1.0
11110580,22.0,18.0,1.0,23.0,12.0,2.0,24.0,262.0,41.0,25.0,1.0
11110600,11.0,5.0,1.0,56.0,7.0,1.0,15.0,299.0,13.0,57.0,1.0
11110615,1851.0,200.0,32.0,933.0,304.0,216.0,366.0,3439.0,454.0,4453.0,220.0
11110630,257.0,1.0,1.0,126.0,52.0,22.0,99.0,421.0,131.0,222.0,13.0
11110640,6.0,7.0,1.0,30.0,15.0,1.0,10.0,192.0,11.0,24.0,10.0
11110650,28.0,42.0,1.0,111.0,20.0,12.0,94.0,853.0,61.0,112.0,6.0
11110670,16.0,2.0,30.0,63.0,65.0,27.0,47.0,201.0,72.0,570.0,1.0
11110680,4.0,2.0,1.0,50.0,1.0,1.0,21.0,108.0,3.0,30.0,1.0
11110690,1.0,1.0,1.0,2.0,1.0,1.0,7.0,11.0,1.0,2.0,1.0
11110700,1.0,4.0,1.0,2.0,1.0,1.0,7.0,7.0,4.0,9.0,1.0
11110710,22.0,1.0,1.0,41.0,8.0,8.0,20.0,100.0,1.0,67.0,1.0
11140520,340.0,48.0,16.0,890.0,133.0,69.0,319.0,2400.0,347.0,4289.0,73.0
11140540,183.0,1.0,13.0,500.0,52.0,37.0,64.0,602.0,124.0,2639.0,45.0
11140550,59.0,14.0,1.0,320.0,59.0,38.0,212.0,1542.0,213.0,1385.0,20.0
11140570,190.0,11.0,47.0,61.0,35.0,6.0,53.0,478.0,35.0,67.0,1.0
11140580,3.0,1.0,4.0,37.0,16.0,5.0,21.0,153.0,8.0,45.0,1.0
11140590,291.0,8.0,1.0,781.0,108.0,78.0,427.0,1197.0,108.0,13344.0,143.0
11140605,585.0,1.0,1.0,223.0,131.0,28.0,24.0,594.0,67.0,157.0,6.0
11140615,26.0,7.0,1.0,142.0,5.0,12.0,90.0,367.0,39.0,5616.0,106.0
11140625,17.0,24.0,1.0,70.0,11.0,5.0,81.0,260.0,75.0,191.0,19.0
11140635,5.0,6.0,1.0,28.0,1.0,1.0,30.0,50.0,19.0,19.0,1.0
11140645,5.0,4.0,1.0,2.0,1.0,1.0,11.0,36.0,2.0,34.0,32.0
11140650,16.0,2.0,1.0,49.0,1.0,3.0,44.0,160.0,31.0,65.0,1.0
11140665,5.0,7.0,3.0,15.0,1.0,1.0,28.0,59.0,10.0,52.0,1.0
11140670,167.0,10.0,1.0,243.0,4.0,8.0,24.0,183.0,12.0,64.0,4.0
11140680,16.0,3.0,1.0,52.0,13.0,10.0,27.0,152.0,36.0,33.0,1.0
11170510,14.0,27.0,1.0,95.0,1.0,5.0,30.0,190.0,22.0,38.0,1.0
11170520,7.0,6.0,1.0,42.0,1.0,1.0,13.0,165.0,2.0,19.0,1.0
11170530,13.0,9.0,1.0,47.0,9.0,30.0,65.0,440.0,61.0,96.0,8.0
11170555,10.0,9.0,1.0,89.0,11.0,4.0,71.0,361.0,16.0,90.0,1.0
11170560,55.0,4.0,1.0,29.0,8.0,1.0,12.0,114.0,2.0,12.0,4.0
11170570,2595.0,3.0,1.0,137.0,85.0,1.0,44.0,217.0,25.0,31.0,269.0
11170580,5.0,20.0,1.0,20.0,1.0,1.0,8.0,44.0,9.0,17.0,1.0
11170590,71.0,5.0,1.0,114.0,9.0,5.0,44.0,181.0,37.0,49.0,1.0
11170625,303.0,55.0,1.0,129.0,23.0,53.0,105.0,808.0,96.0,236.0,36.0
11170630,10.0,43.0,1.0,33.0,1.0,1.0,23.0,107.0,29.0,10.0,1.0
11170640,1.0,5.0,1.0,21.0,1.0,1.0,7.0,20.0,2.0,1.0,1.0
11170650,147.0,1.0,1.0,243.0,10.0,17.0,149.0,1448.0,47.0,1161.0,35.0
11170660,28.0,1.0,1.0,51.0,5.0,1.0,29.0,261.0,14.0,77.0,1.0
11170685,40.0,19.0,1.0,108.0,5.0,1.0,113.0,497.0,38.0,166.0,25.0
11170690,1.0,9.0,1.0,27.0,1.0,1.0,15.0,44.0,1.0,1.0,1.0
11170700,11.0,8.0,1.0,41.0,1.0,1.0,29.0,89.0,14.0,17.0,1.0
11200520,4.0,9.0,1.0,26.0,3.0,1.0,27.0,65.0,14.0,21.0,1.0
11200535,9.0,6.0,2.0,79.0,3.0,21.0,64.0,231.0,29.0,52.0,21.0
11200540,4.0,21.0,1.0,87.0,2.0,2.0,34.0,150.0,28.0,5.0,5.0
11200550,4.0,3.0,1.0,33.0,1.0,1.0,38.0,226.0,6.0,8.0,1.0
11200560,32.0,37.0,7.0,108.0,9.0,5.0,125.0,417.0,96.0,206.0,1.0
11200580,1.0,7.0,1.0,5.0,1.0,1.0,6.0,9.0,3.0,1.0,1.0
11200590,10.0,19.0,1.0,24.0,1.0,1.0,11.0,37.0,5.0,1.0,1.0
11200615,6.0,18.0,1.0,24.0,1.0,5.0,42.0,117.0,16.0,43.0,1.0
11200620,17.0,12.0,1.0,21.0,1.0,1.0,37.0,131.0,38.0,41.0,1.0
11200645,1.0,29.0,1.0,17.0,1.0,1.0,26.0,63.0,6.0,21.0,1.0
11200650,22.0,30.0,1.0,86.0,6.0,5.0,50.0,168.0,26.0,61.0,30.0
11200660,43.0,28.0,1.0,102.0,8.0,1.0,78.0,449.0,41.0,120.0,39.0
11200670,35.0,5.0,5.0,135.0,4.0,5.0,57.0,419.0,29.0,189.0,44.0
11200690,126.0,15.0,5.0,196.0,31.0,4.0,109.0,471.0,91.0,267.0,98.0
11200720,1.0,1.0,1.0,28.0,1.0,6.0,20.0,57.0,4.0,10.0,1.0
11200790,18.0,9.0,5.0,54.0,1.0,1.0,36.0,143.0,22.0,28.0,1.0
11215710,54.0,45.0,1.0,172.0,1.0,34.0,303.0,1157.0,111.0,270.0,23.0
11215730,72.0,46.0,6.0,96.0,1.0,12.0,162.0,421.0,108.0,187.0,33.0
11215740,9.0,2.0,1.0,114.0,1.0,1.0,36.0,137.0,17.0,38.0,1.0
11215750,1.0,53.0,1.0,67.0,5.0,1.0,75.0,140.0,21.0,45.0,1.0
11215760,18.0,5.0,1.0,51.0,1.0,2.0,85.0,172.0,23.0,52.0,1.0
11215770,23.0,17.0,6.0,89.0,5.0,1.0,69.0,142.0,24.0,62.0,4.0
11215780,41.0,30.0,5.0,61.0,2.0,14.0,64.0,179.0,49.0,76.0,1.0
11215810,8.0,2.0,1.0,34.0,1.0,1.0,22.0,117.0,9.0,26.0,1.0
11215820,26.0,24.0,1.0,153.0,6.0,4.0,106.0,238.0,58.0,144.0,1.0
11215830,11.0,47.0,1.0,92.0,5.0,1.0,81.0,169.0,29.0,50.0,1.0
11215840,7.0,27.0,2.0,35.0,1.0,1.0,46.0,97.0,6.0,18.0,1.0
11215847,22.0,17.0,1.0,120.0,4.0,5.0,91.0,219.0,29.0,46.0,12.0
11215850,63.0,52.0,7.0,126.0,14.0,5.0,211.0,526.0,102.0,125.0,35.0
11215860,1.0,12.0,1.0,23.0,4.0,3.0,9.0,25.0,1.0,11.0,1.0
11215870,649.0,157.0,1.0,99.0,26.0,2.0,102.0,329.0,71.0,192.0,36.0
11230536,45.0,33.0,21.0,328.0,38.0,38.0,107.0,578.0,82.0,251.0,108.0
11230545,28.0,11.0,1.0,1444.0,12.0,27.0,51.0,475.0,252.0,30.0,31.0
11230560,17.0,26.0,1.0,136.0,9.0,19.0,127.0,379.0,89.0,190.0,5.0
11230570,4.0,1.0,1.0,6.0,6.0,1.0,25.0,44.0,6.0,8.0,1.0
11230600,37.0,48.0,1.0,71.0,3.0,4.0,44.0,158.0,18.0,40.0,31.0
11230610,11.0,37.0,1.0,114.0,1.0,1.0,54.0,141.0,36.0,42.0,1.0
11230650,45.0,29.0,7.0,424.0,19.0,12.0,184.0,550.0,124.0,305.0,89.0
11230660,67.0,155.0,9.0,226.0,22.0,22.0,169.0,485.0,122.0,265.0,32.0
11230705,2.0,1.0,1.0,34.0,1.0,4.0,12.0,51.0,1.0,1.0,1.0
11230710,18.0,20.0,1.0,50.0,4.0,3.0,74.0,431.0,24.0,73.0,1.0
11230720,12.0,16.0,1.0,27.0,1.0,18.0,47.0,152.0,18.0,42.0,1.0
11230730,1.0,2.0,1.0,32.0,1.0,1.0,25.0,86.0,18.0,11.0,1.0
11230740,3.0,10.0,1.0,31.0,4.0,1.0,32.0,241.0,20.0,24.0,1.0
11230750,1.0,1.0,1.0,1.0,1.0,1.0,1.0,5.0,1.0,3.0,1.0
11260520,37.0,32.0,1.0,166.0,2.0,11.0,138.0,371.0,62.0,114.0,11.0
11260540,1.0,16.0,1.0,28.0,4.0,1.0,25.0,49.0,1.0,5.0,1.0
11260550,10.0,3.0,1.0,34.0,1.0,4.0,31.0,68.0,10.0,16.0,12.0
11260565,34.0,17.0,4.0,205.0,1.0,7.0,118.0,301.0,82.0,158.0,1.0
11260570,22.0,25.0,6.0,135.0,6.0,1.0,102.0,176.0,31.0,94.0,1.0
11260575,16.0,48.0,3.0,145.0,5.0,6.0,165.0,397.0,82.0,123.0,1.0
11260580,7.0,26.0,1.0,53.0,1.0,3.0,53.0,102.0,26.0,29.0,1.0
11260590,47.0,20.0,4.0,124.0,3.0,37.0,168.0,449.0,60.0,133.0,1.0
11260600,16.0,30.0,5.0,60.0,1.0,1.0,46.0,77.0,24.0,28.0,15.0
11260610,19.0,3.0,2.0,89.0,2.0,3.0,88.0,222.0,29.0,57.0,1.0
11260620,17.0,21.0,1.0,46.0,7.0,1.0,49.0,95.0,20.0,35.0,1.0
11260630,21.0,23.0,1.0,97.0,1.0,1.0,54.0,134.0,32.0,36.0,1.0
11260655,25.0,19.0,3.0,141.0,5.0,6.0,100.0,272.0,56.0,83.0,15.0
11260660,3.0,1.0,1.0,27.0,1.0,1.0,11.0,39.0,2.0,4.0,1.0
11260680,2.0,48.0,5.0,51.0,10.0,3.0,75.0,199.0,30.0,84.0,9.0
11260690,1.0,23.0,1.0,4.0,2.0,1.0,14.0,16.0,17.0,35.0,1.0
11290525,5.0,7.0,1.0,30.0,1.0,1.0,24.0,101.0,11.0,29.0,1.0
11290555,42.0,101.0,2.0,121.0,16.0,3.0,106.0,414.0,83.0,204.0,16.0
11290575,34.0,93.0,4.0,113.0,9.0,30.0,206.0,621.0,82.0,203.0,1.0
11290600,26.0,12.0,1.0,79.0,8.0,1.0,98.0,533.0,31.0,115.0,1.0
11290610,1.0,5.0,1.0,16.0,1.0,1.0,17.0,27.0,8.0,11.0,1.0
11290620,11.0,20.0,1.0,29.0,1.0,1.0,35.0,87.0,24.0,16.0,1.0
11290630,8.0,17.0,1.0,27.0,1.0,1.0,34.0,68.0,18.0,10.0,1.0
11290640,12.0,12.0,1.0,64.0,1.0,1.0,51.0,147.0,20.0,24.0,1.0
11290650,6.0,18.0,1.0,27.0,1.0,1.0,30.0,83.0,19.0,21.0,1.0
11290660,11.0,39.0,1.0,24.0,1.0,1.0,16.0,53.0,22.0,37.0,1.0
11290685,1.0,31.0,1.0,15.0,2.0,1.0,10.0,38.0,8.0,1.0,1.0
11290705,23.0,76.0,1.0,93.0,7.0,5.0,97.0,236.0,48.0,52.0,1.0
11290715,30.0,22.0,1.0,89.0,4.0,1.0,52.0,173.0,58.0,215.0,1.0
11290725,14.0,6.0,1.0,38.0,10.0,1.0,55.0,222.0,32.0,41.0,1.0
11290760,2.0,12.0,1.0,33.0,1.0,3.0,26.0,78.0,12.0,4.0,1.0
11290770,16.0,5.0,1.0,51.0,1.0,1.0,41.0,100.0,12.0,31.0,1.0
11290810,31.0,18.0,1.0,99.0,4.0,6.0,103.0,307.0,41.0,69.0,1.0
11305534,16.0,6.0,1.0,24.0,1.0,10.0,43.0,71.0,46.0,11.0,1.0
11305535,25.0,30.0,1.0,91.0,4.0,12.0,113.0,344.0,67.0,67.0,1.0
11305545,25.0,26.0,1.0,88.0,6.0,27.0,103.0,313.0,62.0,136.0,1.0
11305555,9.0,27.0,1.0,62.0,4.0,3.0,66.0,202.0,33.0,49.0,1.0
11305575,1.0,14.0,1.0,25.0,1.0,1.0,16.0,62.0,18.0,11.0,1.0
11305590,22.0,21.0,6.0,65.0,7.0,1.0,93.0,161.0,12.0,34.0,1.0
11305600,1.0,1.0,1.0,19.0,1.0,1.0,13.0,15.0,2.0,1.0,1.0
11305606,1.0,1.0,1.0,3.0,1.0,1.0,9.0,14.0,1.0,5.0,1.0
11305610,32.0,21.0,2.0,168.0,1.0,15.0,57.0,177.0,28.0,85.0,1.0
11305620,17.0,36.0,1.0,86.0,1.0,1.0,78.0,124.0,24.0,23.0,1.0
11305630,27.0,35.0,10.0,259.0,8.0,79.0,409.0,930.0,168.0,250.0,58.0
11305645,7.0,12.0,1.0,84.0,4.0,2.0,46.0,179.0,20.0,53.0,1.0
11305660,6.0,21.0,2.0,42.0,1.0,1.0,45.0,119.0,9.0,13.0,1.0
11320511,3.0,11.0,3.0,36.0,2.0,1.0,61.0,117.0,32.0,45.0,1.0
11320512,12.0,36.0,1.0,93.0,1.0,1.0,54.0,83.0,23.0,49.0,1.0
11320513,38.0,18.0,1.0,125.0,1.0,1.0,68.0,171.0,33.0,55.0,1.0
11320514,19.0,68.0,1.0,44.0,13.0,7.0,87.0,240.0,84.0,71.0,1.0
11320515,6.0,64.0,1.0,48.0,1.0,1.0,43.0,102.0,8.0,22.0,1.0
11320521,31.0,9.0,1.0,132.0,5.0,4.0,107.0,299.0,28.0,56.0,1.0
11320522,8.0,2.0,1.0,1.0,1.0,1.0,16.0,60.0,5.0,1.0,1.0
11320660,2.0,19.0,1.0,54.0,3.0,1.0,26.0,103.0,13.0,12.0,1.0
11320670,13.0,24.0,1.0,40.0,1.0,2.0,52.0,138.0,27.0,63.0,1.0
11320680,16.0,22.0,1.0,75.0,4.0,1.0,68.0,150.0,39.0,43.0,1.0
11320681,1.0,27.0,1.0,5.0,1.0,1.0,6.0,5.0,6.0,1.0,1.0
11320690,73.0,43.0,6.0,147.0,1.0,2.0,155.0,445.0,36.0,95.0,1.0
11320700,25.0,37.0,5.0,138.0,4.0,1.0,75.0,157.0,20.0,51.0,1.0
11320710,1.0,5.0,1.0,6.0,1.0,1.0,7.0,20.0,18.0,1.0,1.0
11350560,8.0,21.0,1.0,65.0,7.0,5.0,84.0,231.0,46.0,17.0,1.0
11350570,1.0,1.0,1.0,4.0,1.0,1.0,1.0,12.0,1.0,1.0,1.0
11350595,49.0,30.0,1.0,158.0,14.0,7.0,164.0,439.0,85.0,131.0,18.0
11350600,11.0,27.0,1.0,23.0,5.0,3.0,41.0,184.0,25.0,37.0,1.0
11350611,1.0,3.0,1.0,22.0,1.0,1.0,11.0,52.0,6.0,1.0,1.0
11350619,2.0,380.0,1.0,57.0,14.0,1.0,49.0,222.0,75.0,31.0,1.0
11350624,3.0,46.0,1.0,21.0,2.0,1.0,86.0,191.0,42.0,65.0,1.0
11350625,63.0,12.0,1.0,35.0,11.0,1.0,39.0,105.0,37.0,271.0,1.0
11350630,39.0,38.0,4.0,95.0,9.0,1.0,139.0,312.0,55.0,91.0,1.0
11350640,81.0,114.0,11.0,192.0,21.0,23.0,308.0,869.0,249.0,483.0,1.0
11350665,11.0,1.0,1.0,41.0,1.0,1.0,21.0,63.0,9.0,8.0,1.0
11350670,22.0,40.0,1.0,92.0,8.0,1.0,66.0,155.0,22.0,15.0,12.0
11350695,3.0,33.0,1.0,16.0,1.0,1.0,27.0,58.0,31.0,96.0,1.0
11350710,7.0,67.0,1.0,29.0,7.0,1.0,36.0,67.0,55.0,28.0,1.0
11350720,1.0,21.0,1.0,9.0,1.0,1.0,15.0,13.0,3.0,2.0,1.0
11380510,10.0,29.0,1.0,64.0,4.0,2.0,59.0,175.0,16.0,19.0,1.0
11380520,1.0,8.0,1.0,11.0,1.0,5.0,34.0,107.0,33.0,20.0,1.0
11380530,27.0,57.0,1.0,144.0,17.0,20.0,150.0,342.0,132.0,216.0,1.0
11380551,11.0,51.0,1.0,103.0,1.0,6.0,161.0,490.0,51.0,102.0,1.0
11380552,13.0,152.0,1.0,112.0,16.0,1.0,117.0,266.0,68.0,85.0,1.0
11380560,29.0,50.0,3.0,135.0,4.0,1.0,92.0,162.0,9.0,44.0,1.0
11380570,46.0,38.0,2.0,174.0,6.0,26.0,129.0,402.0,82.0,354.0,1.0
11380580,37.0,91.0,1.0,54.0,9.0,4.0,87.0,234.0,89.0,88.0,1.0
11380590,1.0,1.0,1.0,5.0,1.0,1.0,5.0,20.0,5.0,5.0,1.0
11380600,36.0,29.0,1.0,140.0,9.0,6.0,111.0,318.0,62.0,113.0,1.0
11380625,17.0,80.0,1.0,118.0,8.0,1.0,142.0,246.0,27.0,60.0,1.0
11380631,8.0,22.0,7.0,47.0,6.0,1.0,80.0,115.0,36.0,34.0,1.0
11380632,7.0,28.0,1.0,31.0,1.0,1.0,32.0,62.0,8.0,18.0,1.0
11380640,14.0,32.0,1.0,77.0,3.0,1.0,42.0,127.0,25.0,28.0,1.0
11380650,1.0,1.0,1.0,1.0,1.0,4.0,5.0,21.0,2.0,6.0,1.0
11380690,3.0,7.0,1.0,3.0,1.0,1.0,1.0,38.0,1.0,2.0,1.0
11410520,5.0,13.0,1.0,50.0,2.0,1.0,15.0,64.0,29.0,26.0,1.0
11410555,97.0,1.0,1.0,24.0,1.0,4.0,15.0,50.0,12.0,42.0,1.0
11410565,14.0,1.0,1.0,30.0,1.0,1.0,12.0,184.0,11.0,18.0,1.0
11410585,91.0,100.0,12.0,228.0,26.0,105.0,376.0,1603.0,219.0,592.0,1.0
11410615,48.0,49.0,5.0,105.0,9.0,6.0,80.0,386.0,41.0,96.0,1.0
11410620,14.0,37.0,1.0,64.0,2.0,2.0,74.0,198.0,110.0,92.0,1.0
11410640,5.0,29.0,1.0,126.0,1.0,6.0,41.0,182.0,23.0,31.0,1.0
11410660,8.0,27.0,1.0,50.0,1.0,1.0,13.0,77.0,6.0,26.0,1.0
11410685,13.0,6.0,4.0,50.0,6.0,1.0,52.0,211.0,12.0,29.0,1.0
11410690,3.0,19.0,1.0,34.0,2.0,5.0,17.0,61.0,46.0,64.0,1.0
11410700,11.0,56.0,2.0,90.0,7.0,1.0,58.0,211.0,22.0,40.0,1.0
11410710,1.0,1.0,1.0,5.0,1.0,1.0,4.0,29.0,1.0,1.0,1.0
11410720,23.0,68.0,1.0,82.0,5.0,1.0,76.0,150.0,32.0,35.0,1.0
11440555,11.0,13.0,1.0,71.0,2.0,1.0,20.0,165.0,42.0,50.0,1.0
11440565,62.0,46.0,1.0,110.0,6.0,7.0,95.0,442.0,150.0,111.0,1.0
11440585,8.0,23.0,1.0,42.0,1.0,1.0,70.0,315.0,32.0,34.0,1.0
11440590,59.0,53.0,1.0,68.0,17.0,1.0,72.0,285.0,54.0,75.0,40.0
11440600,9.0,51.0,1.0,16.0,3.0,1.0,34.0,113.0,11.0,7.0,4.0
11440610,20.0,26.0,1.0,58.0,7.0,1.0,45.0,143.0,17.0,69.0,1.0
11440630,12.0,25.0,1.0,32.0,18.0,17.0,23.0,145.0,14.0,4.0,1.0
11440655,20.0,36.0,22.0,45.0,6.0,1.0,97.0,384.0,12.0,74.0,1.0
11440660,215.0,316.0,16.0,513.0,135.0,45.0,849.0,3504.0,241.0,1096.0,147.0
11440680,82.0,70.0,4.0,113.0,17.0,3.0,127.0,623.0,69.0,159.0,63.0
11440690,50.0,13.0,10.0,159.0,25.0,1.0,93.0,400.0,35.0,73.0,1.0
11440700,26.0,58.0,5.0,95.0,7.0,1.0,85.0,239.0,34.0,63.0,1.0
11440710,2.0,1.0,1.0,31.0,12.0,1.0,14.0,131.0,3.0,18.0,6.0
11440720,8.0,26.0,1.0,83.0,11.0,1.0,48.0,189.0,24.0,28.0,8.0
11440730,6.0,22.0,1.0,169.0,5.0,1.0,43.0,158.0,10.0,74.0,1.0
11440740,24.0,28.0,1.0,70.0,9.0,1.0,75.0,750.0,56.0,39.0,16.0
11470510,10.0,144.0,1.0,36.0,10.0,1.0,78.0,260.0,73.0,47.0,1.0
11470520,7.0,25.0,1.0,64.0,1.0,1.0,61.0,106.0,26.0,31.0,1.0
11470530,40.0,37.0,43.0,89.0,6.0,1.0,136.0,314.0,91.0,126.0,17.0
11470540,7.0,47.0,5.0,120.0,6.0,1.0,92.0,170.0,25.0,50.0,1.0
11470550,81.0,542.0,1.0,99.0,29.0,1.0,98.0,412.0,95.0,334.0,48.0
11470560,25.0,15.0,5.0,234.0,3.0,1.0,106.0,269.0,28.0,98.0,1.0
11470570,10.0,30.0,1.0,76.0,1.0,1.0,34.0,66.0,19.0,26.0,1.0
11470580,17.0,14.0,1.0,74.0,2.0,1.0,46.0,109.0,24.0,34.0,1.0
11470590,24.0,46.0,1.0,62.0,1.0,1.0,59.0,122.0,15.0,24.0,1.0
11470600,5.0,8.0,1.0,59.0,2.0,3.0,46.0,82.0,14.0,21.0,1.0
11470610,1.0,8.0,1.0,20.0,1.0,1.0,17.0,47.0,18.0,24.0,1.0
11470611,31.0,27.0,1.0,61.0,4.0,1.0,73.0,128.0,32.0,44.0,1.0
11470620,23.0,84.0,1.0,65.0,7.0,1.0,59.0,228.0,40.0,37.0,1.0
11470630,20.0,147.0,1.0,61.0,4.0,1.0,74.0,158.0,28.0,33.0,1.0
11470640,7.0,14.0,1.0,27.0,3.0,1.0,23.0,38.0,11.0,1.0,1.0
11470650,58.0,119.0,4.0,192.0,11.0,2.0,284.0,512.0,167.0,253.0,1.0
11470680,1.0,1.0,1.0,4.0,1.0,1.0,11.0,6.0,1.0,1.0,1.0
11500510,2.0,3.0,1.0,16.0,1.0,1.0,7.0,17.0,4.0,1.0,1.0
11500520,12.0,27.0,1.0,71.0,4.0,1.0,42.0,124.0,10.0,2.0,1.0
11500530,1.0,3.0,1.0,6.0,1.0,1.0,12.0,14.0,1.0,9.0,1.0
11500535,42.0,124.0,3.0,72.0,3.0,1.0,112.0,253.0,76.0,85.0,21.0
11500540,96.0,92.0,9.0,255.0,20.0,74.0,337.0,815.0,183.0,194.0,26.0
11500550,28.0,65.0,4.0,88.0,18.0,1.0,50.0,93.0,24.0,58.0,1.0
11500560,9.0,42.0,3.0,38.0,1.0,1.0,53.0,107.0,19.0,28.0,1.0
11500570,66.0,59.0,8.0,202.0,17.0,1.0,136.0,345.0,81.0,120.0,1.0
11500590,30.0,60.0,1.0,134.0,8.0,13.0,56.0,168.0,28.0,57.0,1.0
11500591,24.0,37.0,1.0,87.0,8.0,27.0,126.0,447.0,55.0,119.0,1.0
11500593,23.0,20.0,4.0,109.0,1.0,1.0,64.0,143.0,43.0,62.0,1.0
11500603,73.0,73.0,1.0,197.0,26.0,1.0,230.0,1085.0,126.0,261.0,67.0
11500605,1.0,11.0,1.0,6.0,1.0,1.0,1.0,10.0,8.0,1.0,1.0
11500611,9.0,82.0,1.0,245.0,10.0,1.0,52.0,148.0,59.0,39.0,1.0
11500615,7.0,101.0,6.0,46.0,5.0,1.0,70.0,140.0,25.0,36.0,7.0
11500620,23.0,22.0,1.0,200.0,6.0,7.0,108.0,284.0,50.0,55.0,1.0
11500630,43.0,46.0,1.0,162.0,2.0,1.0,127.0,243.0,66.0,80.0,1.0
11500640,5.0,16.0,1.0,73.0,1.0,7.0,59.0,124.0,19.0,193.0,1.0
11500641,1.0,1.0,1.0,12.0,1.0,1.0,8.0,61.0,9.0,1.0,4.0
11530510,4.0,1.0,1.0,10.0,1.0,1.0,10.0,38.0,1.0,1.0,1.0
11530530,2054.0,11.0,1.0,359.0,41.0,46.0,192.0,651.0,88.0,286.0,1.0
11530540,379.0,53.0,5.0,162.0,47.0,15.0,204.0,790.0,159.0,294.0,153.0
11530550,31.0,20.0,1.0,105.0,1.0,15.0,120.0,333.0,58.0,116.0,1.0
11530560,347.0,46.0,1.0,171.0,27.0,7.0,169.0,646.0,123.0,374.0,11.0
11530595,31.0,14.0,1.0,113.0,2.0,29.0,86.0,297.0,15.0,42.0,1.0
11530720,10.0,3.0,3.0,56.0,6.0,1.0,48.0,170.0,20.0,25.0,1.0
11530730,28.0,43.0,1.0,185.0,1.0,1.0,122.0,290.0,40.0,74.0,1.0
11530740,4.0,21.0,2.0,50.0,4.0,5.0,53.0,131.0,21.0,30.0,1.0
11530750,8.0,8.0,1.0,40.0,1.0,1.0,42.0,63.0,21.0,21.0,1.0
11530760,41.0,75.0,1.0,72.0,4.0,1.0,116.0,215.0,52.0,38.0,1.0
11530770,22.0,20.0,1.0,73.0,5.0,18.0,80.0,167.0,58.0,50.0,4.0
11530780,8.0,44.0,1.0,62.0,1.0,1.0,47.0,137.0,29.0,26.0,5.0
11530790,12.0,16.0,1.0,69.0,4.0,1.0,33.0,107.0,16.0,12.0,1.0
11545510,434.0,54.0,220.0,406.0,122.0,42.0,246.0,1222.0,205.0,1014.0,499.0
11545610,92.0,14.0,1.0,489.0,9.0,9.0,161.0,486.0,83.0,176.0,42.0
11545620,24.0,28.0,1.0,90.0,1.0,1.0,72.0,123.0,31.0,33.0,1.0
11545630,63.0,22.0,1.0,171.0,7.0,1.0,137.0,358.0,56.0,144.0,7.0
11545640,17.0,22.0,2.0,76.0,1.0,9.0,79.0,199.0,12.0,25.0,1.0
11545670,43.0,41.0,2.0,186.0,5.0,14.0,165.0,526.0,112.0,163.0,1.0
11545680,1.0,10.0,1.0,10.0,1.0,1.0,12.0,25.0,11.0,6.0,1.0
11545690,14.0,16.0,1.0,39.0,5.0,1.0,34.0,107.0,11.0,8.0,1.0
11545700,13.0,21.0,4.0,65.0,1.0,1.0,54.0,88.0,31.0,19.0,1.0
11545710,5.0,30.0,1.0,101.0,1.0,1.0,73.0,139.0,45.0,45.0,1.0
11560515,2.0,4.0,1.0,36.0,1.0,3.0,15.0,76.0,8.0,207.0,1.0
11560535,172.0,22.0,54.0,400.0,32.0,102.0,193.0,850.0,194.0,542.0,13.0
11560540,107.0,147.0,1.0,255.0,64.0,1.0,196.0,1635.0,205.0,303.0,39.0
11560550,72.0,18.0,7.0,362.0,33.0,29.0,132.0,563.0,73.0,98.0,57.0
11560560,44.0,63.0,1.0,77.0,11.0,5.0,112.0,377.0,102.0,119.0,14.0
11560585,3.0,22.0,12.0,48.0,4.0,1.0,61.0,162.0,33.0,25.0,1.0
11560605,12.0,3.0,1.0,203.0,7.0,1.0,36.0,421.0,52.0,34.0,16.0
11560610,2.0,5.0,1.0,39.0,1.0,1.0,12.0,111.0,7.0,20.0,12.0
11560620,9.0,33.0,4.0,104.0,11.0,8.0,80.0,316.0,37.0,47.0,27.0
11560630,18.0,27.0,1.0,96.0,6.0,11.0,75.0,178.0,37.0,36.0,1.0
11560650,10.0,15.0,11.0,52.0,1.0,1.0,29.0,48.0,18.0,11.0,1.0
11560660,1.0,1.0,1.0,8.0,1.0,1.0,9.0,26.0,1.0,54.0,1.0
11560670,4.0,9.0,1.0,22.0,1.0,10.0,33.0,64.0,2.0,15.0,1.0
11560680,10.0,10.0,5.0,40.0,1.0,3.0,36.0,89.0,17.0,15.0,1.0
11560690,19.0,30.0,1.0,45.0,1.0,1.0,43.0,85.0,28.0,26.0,7.0
11560700,4.0,4.0,1.0,73.0,1.0,5.0,45.0,120.0,30.0,32.0,1.0
11560710,11.0,6.0,5.0,102.0,2.0,9.0,98.0,235.0,23.0,61.0,1.0
11560720,51.0,30.0,1.0,172.0,12.0,1.0,178.0,426.0,154.0,138.0,1.0
11590510,16.0,61.0,1.0,592.0,16.0,56.0,85.0,552.0,43.0,56.0,1.0
11590520,4.0,1.0,1.0,25.0,1.0,1.0,27.0,91.0,13.0,16.0,1.0
11590530,21.0,87.0,1.0,109.0,2.0,5.0,115.0,367.0,74.0,56.0,3.0
11590540,14.0,27.0,1.0,61.0,1.0,1.0,71.0,168.0,35.0,75.0,1.0
11590550,9.0,22.0,1.0,44.0,1.0,1.0,57.0,92.0,27.0,89.0,1.0
11590560,3.0,30.0,1.0,33.0,1.0,1.0,31.0,94.0,21.0,10.0,1.0
11590605,5.0,12.0,1.0,29.0,1.0,1.0,46.0,191.0,6.0,14.0,1.0
11590620,17.0,41.0,16.0,94.0,1.0,1.0,104.0,336.0,45.0,50.0,11.0
11590630,66.0,40.0,5.0,137.0,10.0,12.0,186.0,585.0,209.0,175.0,1.0
11590640,7.0,20.0,1.0,10.0,1.0,4.0,14.0,39.0,2.0,8.0,1.0
11590650,9.0,19.0,1.0,83.0,4.0,1.0,60.0,128.0,52.0,52.0,1.0
11590651,12.0,14.0,1.0,21.0,1.0,1.0,9.0,10.0,1.0,1.0,1.0
11590660,20.0,135.0,1.0,81.0,18.0,4.0,87.0,275.0,94.0,68.0,1.0
11590670,2.0,11.0,1.0,59.0,2.0,6.0,43.0,133.0,22.0,32.0,1.0
11590680,10.0,20.0,1.0,66.0,5.0,1.0,89.0,312.0,50.0,146.0,1.0
11620525,12.0,33.0,2.0,77.0,1.0,1.0,71.0,163.0,22.0,36.0,1.0
11620545,1.0,1.0,1.0,1.0,1.0,1.0,1.0,1.0,1.0,1.0,1.0
11620565,2.0,42.0,1.0,14.0,1.0,1.0,7.0,24.0,4.0,1.0,1.0
11620575,11.0,15.0,1.0,69.0,3.0,1.0,58.0,124.0,25.0,38.0,1.0
11620585,7.0,18.0,1.0,54.0,1.0,1.0,42.0,293.0,15.0,1.0,1.0
11620595,62.0,69.0,22.0,144.0,9.0,41.0,227.0,623.0,148.0,277.0,4.0
11620605,3.0,1.0,1.0,26.0,1.0,1.0,17.0,78.0,4.0,14.0,1.0
11620615,16.0,22.0,5.0,56.0,1.0,1.0,37.0,142.0,48.0,32.0,1.0
11620625,10.0,15.0,3.0,94.0,3.0,1.0,46.0,134.0,26.0,36.0,1.0
11620630,1.0,27.0,1.0,49.0,4.0,1.0,35.0,80.0,35.0,27.0,1.0
11620645,3.0,7.0,1.0,30.0,1.0,4.0,69.0,319.0,11.0,50.0,1.0
11620655,12.0,22.0,1.0,98.0,2.0,1.0,65.0,145.0,18.0,42.0,1.0
11620665,19.0,11.0,10.0,58.0,2.0,1.0,30.0,142.0,18.0,9.0,1.0
11620685,29.0,37.0,1.0,144.0,8.0,1.0,104.0,228.0,41.0,30.0,4.0
11620695,46.0,33.0,1.0,151.0,9.0,87.0,213.0,576.0,106.0,275.0,8.0
11620715,1.0,1.0,1.0,7.0,1.0,1.0,3.0,11.0,3.0,1.0,1.0
11620725,12.0,12.0,1.0,94.0,2.0,7.0,66.0,190.0,33.0,105.0,1.0
11620735,5.0,23.0,60.0,92.0,18.0,1.0,128.0,471.0,47.0,16.0,1.0
11620745,17.0,5.0,1.0,61.0,1.0,1.0,13.0,54.0,9.0,31.0,1.0
11620765,19.0,48.0,1.0,98.0,1.0,1.0,74.0,156.0,43.0,67.0,1.0
11620775,20.0,27.0,1.0,83.0,1.0,1.0,66.0,140.0,51.0,37.0,1.0
11650510,406.0,161.0,161.0,243.0,81.0,22.0,259.0,1005.0,270.0,237.0,46.0
11650520,234.0,345.0,18.0,366.0,87.0,25.0,449.0,1729.0,739.0,750.0,83.0
11650530,118.0,146.0,3.0,160.0,41.0,21.0,171.0,737.0,124.0,170.0,22.0
11650540,67.0,93.0,13.0,122.0,22.0,10.0,129.0,526.0,281.0,176.0,59.0
11650550,4.0,21.0,1.0,5.0,4.0,1.0,12.0,23.0,1.0,84.0,1.0
11650560,15.0,6.0,6.0,42.0,1.0,1.0,71.0,131.0,1.0,42.0,1.0
11650581,292.0,383.0,1.0,140.0,21.0,1.0,139.0,597.0,154.0,656.0,1.0
11650590,79.0,62.0,1.0,64.0,5.0,6.0,87.0,246.0,19.0,69.0,4.0
11650600,28.0,99.0,1.0,95.0,17.0,1.0,144.0,305.0,116.0,92.0,15.0
11650610,46.0,81.0,43.0,107.0,14.0,15.0,131.0,545.0,54.0,112.0,1.0
11650620,2.0,14.0,1.0,13.0,1.0,1.0,12.0,25.0,8.0,1.0,1.0
11650621,78.0,88.0,1.0,101.0,12.0,1.0,97.0,253.0,51.0,105.0,1.0
11650651,83.0,54.0,3.0,96.0,15.0,1.0,114.0,411.0,64.0,75.0,30.0
11650652,451.0,58.0,5.0,334.0,39.0,1.0,228.0,709.0,122.0,271.0,12.0
11650660,30.0,1.0,1.0,6.0,1.0,1.0,2.0,19.0,2.0,1.0,1.0
11680510,56.0,309.0,12.0,121.0,31.0,3.0,290.0,962.0,447.0,643.0,57.0
11680521,412.0,129.0,12.0,388.0,33.0,26.0,584.0,1493.0,450.0,534.0,131.0
11680531,100.0,97.0,7.0,191.0,20.0,23.0,253.0,884.0,217.0,300.0,1.0
11680545,170.0,223.0,1.0,236.0,35.0,7.0,600.0,1554.0,441.0,1183.0,87.0
11680565,75.0,137.0,10.0,146.0,12.0,1.0,332.0,564.0,213.0,497.0,30.0
11680580,84.0,4.0,7.0,99.0,29.0,1.0,59.0,502.0,56.0,584.0,23.0
11680590,288.0,315.0,18.0,422.0,86.0,29.0,447.0,1752.0,379.0,718.0,195.0
11680600,4.0,191.0,1.0,43.0,8.0,1.0,36.0,105.0,84.0,39.0,1.0
11680610,59.0,67.0,1.0,93.0,16.0,1.0,65.0,370.0,76.0,369.0,1.0
11680630,51.0,1171.0,28.0,173.0,35.0,1.0,215.0,610.0,174.0,231.0,1.0
11680640,363.0,235.0,18.0,495.0,106.0,112.0,628.0,2270.0,375.0,711.0,190.0
11680650,21.0,37.0,1.0,71.0,6.0,1.0,53.0,174.0,60.0,32.0,6.0
11680655,1.0,1.0,1.0,4.0,1.0,1.0,2.0,10.0,10.0,1.0,1.0
11680656,28.0,15.0,1.0,40.0,11.0,1.0,34.0,211.0,28.0,46.0,1.0
11680670,6.0,104.0,1.0,48.0,3.0,1.0,47.0,138.0,42.0,67.0,1.0
11680690,36.0,31.0,1.0,69.0,7.0,1.0,43.0,104.0,27.0,49.0,1.0
11680700,2.0,16.0,1.0,39.0,1.0,1.0,24.0,117.0,18.0,3.0,1.0
11680730,25.0,48.0,1.0,100.0,5.0,1.0,85.0,186.0,55.0,32.0,1.0
11680750,12.0,8.0,1.0,64.0,10.0,1.0,36.0,168.0,75.0,67.0,1.0
11710510,14.0,5.0,1.0,26.0,4.0,1.0,39.0,70.0,19.0,24.0,1.0
11710531,7.0,15.0,1.0,52.0,1.0,3.0,40.0,66.0,6.0,12.0,1.0
11710532,8.0,27.0,1.0,40.0,1.0,1.0,48.0,107.0,59.0,66.0,1.0
11710540,34.0,31.0,1.0,61.0,4.0,4.0,68.0,145.0,49.0,36.0,1.0
11710550,27.0,10.0,1.0,121.0,2.0,1.0,45.0,122.0,32.0,70.0,1.0
11710561,16.0,224.0,1.0,63.0,7.0,1.0,107.0,304.0,86.0,66.0,1.0
11710562,47.0,70.0,6.0,196.0,22.0,72.0,246.0,703.0,127.0,185.0,29.0
11710566,45.0,33.0,1.0,165.0,35.0,72.0,195.0,736.0,82.0,563.0,54.0
11710570,14.0,99.0,1.0,175.0,1.0,1.0,103.0,217.0,21.0,49.0,1.0
11710580,63.0,115.0,1.0,150.0,11.0,1.0,195.0,575.0,105.0,129.0,20.0
11710590,1.0,8.0,1.0,14.0,1.0,1.0,12.0,20.0,2.0,1.0,1.0
11710600,52.0,87.0,8.0,171.0,17.0,4.0,154.0,423.0,77.0,113.0,1.0
11710610,51.0,107.0,10.0,169.0,6.0,5.0,182.0,324.0,63.0,68.0,13.0
11710620,87.0,93.0,3.0,309.0,24.0,9.0,284.0,687.0,145.0,208.0,25.0
11710631,1.0,1.0,1.0,303.0,1.0,1.0,1.0,85.0,8.0,1.0,1.0
11710632,8.0,59.0,1.0,99.0,8.0,1.0,101.0,153.0,55.0,15.0,1.0
11710641,22.0,52.0,5.0,128.0,1.0,1.0,150.0,228.0,40.0,178.0,1.0
11710642,286.0,46.0,4.0,249.0,56.0,1.0,86.0,851.0,175.0,484.0,129.0
11710646,9.0,28.0,1.0,49.0,2.0,1.0,42.0,110.0,19.0,1.0,1.0
11710647,1.0,1.0,1.0,1.0,1.0,1.0,3.0,1.0,1.0,1.0,1.0
11710650,128.0,290.0,19.0,355.0,20.0,43.0,447.0,972.0,273.0,278.0,23.0
11710690,1.0,4.0,1.0,3.0,1.0,1.0,15.0,8.0,11.0,1.0,1.0
11710710,28.0,20.0,1.0,93.0,6.0,1.0,103.0,464.0,116.0,561.0,1.0
11740515,1.0,33.0,1.0,18.0,2.0,1.0,16.0,43.0,24.0,10.0,1.0
11740520,8.0,29.0,1.0,52.0,8.0,1.0,38.0,170.0,14.0,11.0,13.0
11740530,26.0,96.0,12.0,100.0,12.0,3.0,141.0,293.0,94.0,116.0,1.0
11740540,14.0,233.0,1.0,48.0,11.0,1.0,70.0,210.0,80.0,96.0,1.0
11740550,8.0,41.0,1.0,38.0,2.0,1.0,22.0,74.0,12.0,8.0,1.0
11740560,3.0,23.0,1.0,43.0,3.0,1.0,33.0,103.0,23.0,11.0,1.0
11740570,25.0,17.0,7.0,140.0,3.0,2.0,99.0,223.0,33.0,65.0,1.0
11740580,4.0,37.0,3.0,41.0,1.0,1.0,62.0,152.0,55.0,31.0,1.0
11740600,24.0,48.0,1.0,115.0,1.0,1.0,79.0,200.0,63.0,135.0,1.0
11740610,50.0,90.0,6.0,275.0,13.0,37.0,279.0,799.0,229.0,596.0,7.0
11740620,7.0,9.0,1.0,40.0,3.0,4.0,37.0,113.0,11.0,18.0,1.0
11740640,25.0,31.0,1.0,64.0,16.0,1.0,114.0,322.0,52.0,62.0,15.0
11740650,38.0,17.0,1.0,135.0,3.0,1.0,135.0,258.0,21.0,69.0,12.0
11740660,65.0,129.0,6.0,182.0,14.0,5.0,227.0,500.0,113.0,109.0,1.0
11740685,77.0,101.0,4.0,316.0,11.0,39.0,274.0,696.0,205.0,189.0,16.0
11740700,22.0,42.0,2.0,50.0,6.0,4.0,87.0,161.0,30.0,45.0,1.0
