행정동_코드,가구 및 가전제품,교육,기타,생필품,서적 및 문구,숙박,여가,음식점,의료,의류 및 패션,전자상거래업
11110515,1119769571.0,189268567.0,1.0,23469559121.0,16244047049.0,108128882.0,1492594911.0,25083059412.0,674276394.0,1760173146.0,1.0
11110530,6014982287.0,5252063658.0,1.0,53839485170.0,12085821180.0,182044864.0,10656697607.0,268143999953.0,43349256657.0,12686216210.0,12000000.0
11110540,124877583.0,1.0,1.0,2273792431.0,33030569.0,1.0,7888174.0,33147153072.0,148710180.0,17652098321.0,1.0
11110550,93738688.0,3450734404.0,1.0,7398344454.0,73455916.0,108310692.0,817868803.0,13154020462.0,774010141.0,929245283.0,1.0
11110560,1016929004.0,4879521688.0,6749037.0,17072385038.0,266382024.0,221733024.0,830860849.0,18361654171.0,6119815443.0,1609944862.0,1.0
11110570,1.0,1902327016.0,1.0,12218225376.0,1.0,1.0,649250559.0,6472578556.0,13879447627.0,907302579.0,1.0
11110580,1437645772.0,2178100820.0,1.0,9209741411.0,435391579.0,124904288.0,1165579520.0,42412001420.0,26511572758.0,300287203.0,1.0
11110600,778006596.0,656499175.0,1.0,13926763955.0,568156132.0,1.0,409921837.0,83347992896.0,5105081297.0,15036603655.0,1.0
11110615,373733013096.0,27714421224.0,6464689038.0,184142263016.0,272273284437.0,11124786287.0,55681774631.0,688081138631.0,309242021203.0,1081591404497.0,42386655838.0
11110630,80370659448.0,1.0,30622437.0,37920852508.0,7991943975.0,858331615.0,35158965375.0,61678876862.0,130288153270.0,37128084898.0,1159003439.0
11110640,510031671.0,793296722.0,1.0,18788431837.0,8450342994.0,75283707.0,907844203.0,26941848882.0,4252552950.0,941291525.0,8541107.0
11110650,3594064125.0,5654974472.0,1.0,28194004348.0,3467424389.0,676361422.0,8511725201.0,133684297185.0,26190160828.0,28380027189.0,15000000.0
11110670,3534506069.0,254998498.0,6434066601.0,25126836822.0,142597728945.0,2369636589.0,3929866661.0,35188176432.0,44241638492.0,66583631326.0,151824257.0
11110680,133302586.0,436036451.0,15797202.0,20487687798.0,1.0,776562.0,398947220.0,11824457053.0,3355356162.0,563981354.0,1.0
11110690,1.0,227822196.0,1.0,658780175.0,1.0,1.0,167003304.0,1709096872.0,1.0,84244892.0,1.0
11110700,21981214.0,469188518.0,1.0,4985804897.0,1.0,1.0,192883135.0,1959104887.0,3815473517.0,85916154.0,1.0
11110710,3825933793.0,465764704.0,1.0,15194490530.0,1443301613.0,189619231.0,830368845.0,13064712133.0,1422106993.0,8507434463.0,1.0
11140520,39662149578.0,9884524118.0,1254116687.0,277912489210.0,20059860252.0,5374406133.0,37003575525.0,667903223003.0,313521197123.0,552417603388.0,936045638.0
11140540,36826531004.0,1.0,1254116687.0,178898287015.0,8886525377.0,1789312014.0,11976636483.0,131367569953.0,143196204707.0,271357267803.0,157929255.0
11140550,4890408006.0,5696762728.0,25842778.0,77399942520.0,5816739261.0,1361197904.0,22789199316.0,361432402536.0,127365056615.0,171041091310.0,667997309.0
11140570,21836064889.0,1624130910.0,2130520909.0,19415761456.0,30790691628.0,746247907.0,2925103051.0,73067727415.0,11418179029.0,1416914866.0,1.0
11140580,1100048111.0,103384464.0,226169185.0,17174990433.0,2269646237.0,106695881.0,2785152025.0,31860732904.0,2306087124.0,10404233139.0,1.0
11140590,158706838454.0,425292995.0,24960356.0,283681997911.0,13402764345.0,7388554650.0,244345505252.0,186018240781.0,59164685856.0,696268345344.0,281560835326.0
11140605,619742372010.0,17828915.0,1.0,117023227936.0,73907255100.0,854731029.0,3118797036.0,153054225615.0,16698182779.0,36200470204.0,700664185.0
11140615,5718068911.0,499594144.0,1.0,43434063463.0,261460658.0,465285464.0,9611943573.0,60656826414.0,10735387493.0,151343261044.0,5666648547.0
11140625,929267538.0,2944303256.0,1.0,21505764876.0,9593553193.0,608837397.0,6877653352.0,54737867031.0,76524294666.0,6064279502.0,6061946618.0
11140635,1110513004.0,471983006.0,1.0,13947079025.0,1.0,1.0,1045641788.0,8822869050.0,7968437211.0,3475221924.0,1.0
11140645,826223917.0,1094982884.0,1.0,4007806460.0,1.0,1.0,1249963176.0,5976322682.0,1706243961.0,28722055800.0,138522196.0
11140650,2054172265.0,519778840.0,1.0,29584686895.0,49474844.0,49772540.0,2509231597.0,19227885774.0,23606393162.0,12259174785.0,2896330.0
11140665,207248422.0,467174235.0,120103631.0,2584726178.0,1.0,42292516.0,3501250829.0,6784797841.0,19059637380.0,9505884718.0,1.0
11140670,58496639894.0,990034440.0,1.0,84484277478.0,514632611.0,422466153.0,480482519.0,22395152225.0,7745509322.0,8414186643.0,258000000.0
11140680,15010464904.0,211684671.0,1.0,16741819680.0,3392428774.0,191044440.0,1426762535.0,24804029814.0,42095077810.0,6143095470.0,1.0
11170510,871591106.0,1171658325.0,1.0,39231362365.0,63161212.0,142576956.0,3860171966.0,31112351723.0,11878914516.0,2011468843.0,1.0
11170520,287130229.0,5564438692.0,1.0,14755037532.0,1.0,1.0,617642367.0,17255565569.0,394229361.0,466598085.0,1.0
11170530,1103941419.0,1657594347.0,1.0,18648499955.0,1247222745.0,1660140640.0,7009779377.0,83111687508.0,31679733457.0,8802569299.0,1.0
11170555,898888244.0,130581163.0,1.0,38071250540.0,1565317466.0,135697328.0,7006582797.0,46578443198.0,11417417368.0,4572811452.0,1966083.0
11170560,123846996180.0,615388729.0,1.0,8232818597.0,9688408032.0,1.0,519289374.0,21272575132.0,16511573715.0,293793186.0,1115087123.0
11170570,4214413254704.0,856811295.0,1.0,34436973188.0,41680866604.0,1.0,2831730102.0,30691061940.0,25845425337.0,167756647.0,10488221900.0
11170580,856437996.0,1948109040.0,1.0,10408055763.0,1.0,1.0,565148442.0,8250815537.0,3963868832.0,13429689797.0,1.0
11170590,5912698151.0,430399519.0,95738752.0,69477037081.0,4668801540.0,114275895.0,1586096680.0,23825779442.0,14401149022.0,3742179444.0,1630.0
11170625,204767630139.0,392863226.0,96211492.0,56986950222.0,65630387717.0,1411551561.0,8148975328.0,159432948296.0,15565176717.0,23242823447.0,122297422.0
11170630,4071046785.0,8007167876.0,1.0,50498989754.0,135223756.0,1.0,5528249077.0,31909523034.0,16842797264.0,4091269754.0,1.0
11170640,1.0,994179357.0,1.0,5942924069.0,1.0,1.0,143814174.0,1025987199.0,716696149.0,1.0,1.0
11170650,2987394997.0,2415897850.0,66217476.0,121046160051.0,8814740666.0,1116179811.0,16414079930.0,252086701593.0,65986799712.0,188508162480.0,1236486217.0
11170660,726588383.0,1.0,289785604.0,17233166145.0,76376348.0,56897504.0,2128295411.0,40858383650.0,8271752273.0,2265701784.0,1.0
11170685,6796173622.0,3701176211.0,1.0,22544059184.0,1864619724.0,1.0,58778046743.0,106011976752.0,25043638368.0,18490596504.0,4439318367.0
11170690,1.0,406612931.0,1.0,11312166387.0,1.0,70899151.0,2754557613.0,6155184108.0,400024658.0,1.0,60454572.0
11170700,614015673.0,352683414.0,43654641.0,13726770635.0,1.0,1.0,943068216.0,10101051701.0,10052924024.0,358839671.0,387000000.0
11200520,1227601657.0,715197406.0,40532326.0,9539199575.0,8285652.0,97257143.0,1699392337.0,9110698837.0,7724789701.0,1921924320.0,1.0
11200535,316839354.0,302489255.0,247115743.0,24548815738.0,61488093.0,1612620810.0,2944927268.0,36981381375.0,9187663563.0,5381948996.0,348502285.0
11200540,359794158.0,1731401284.0,106207.0,33351152168.0,71851984.0,87835447.0,3461312198.0,47239492666.0,12510073456.0,1019201562.0,60000000.0
11200550,3918465.0,345349267.0,1.0,12277705428.0,900936946.0,19711616.0,11089157808.0,36743583385.0,2915466004.0,1778894786.0,1.0
11200560,7924612392.0,4356836224.0,1018757801.0,40237817345.0,12793299849.0,294504611.0,26051210180.0,86818343503.0,59322450919.0,40455306504.0,154004305.0
11200580,1.0,499856405.0,1.0,366276628.0,613776561.0,1.0,87032833.0,1776474397.0,1675475063.0,966543781.0,1.0
11200590,246345329.0,3667474752.0,1.0,13267193165.0,1.0,1.0,1677259453.0,3260033003.0,3374267965.0,2745083327.0,1.0
11200615,308710506.0,802145005.0,1.0,13284233912.0,125725182.0,79012653.0,1312766958.0,14329900773.0,8202840871.0,3841255589.0,1.0
11200620,2733008566.0,444703930.0,129117051.0,10824626845.0,172060886.0,29531985.0,2934785199.0,15704581187.0,20223435955.0,2685958630.0,1.0
11200645,49292423.0,3626667474.0,1.0,39581164817.0,1.0,1.0,4415422171.0,9961946354.0,1994088993.0,813707580.0,200434041.0
11200650,1164826944.0,2095840550.0,723125477.0,45544079409.0,2638558503.0,67346839.0,5970381900.0,17113863297.0,9801225024.0,13754047049.0,11673678785.0
11200660,14298874377.0,3248129618.0,1.0,46541275416.0,2630213316.0,11724116.0,2715154676.0,84042808445.0,32887216144.0,29399919030.0,3176697833.0
11200670,2466735690.0,558710061.0,670025707.0,41096014800.0,3031707935.0,86614967.0,6057743239.0,53898294604.0,28552455584.0,177140446289.0,5056622993.0
11200690,27338010339.0,2824356670.0,7987339.0,101468418265.0,32140247707.0,838612839.0,18119432044.0,93681599243.0,41514719204.0,161275443766.0,18861556833.0
11200720,4929472840.0,105047455.0,1.0,8991128876.0,16270181.0,388238345.0,547797739.0,5270926236.0,3803410932.0,582732000.0,1.0
11200790,1163840448.0,641262795.0,428864350.0,21719575184.0,1054634.0,1.0,5254075500.0,23285946046.0,13529212334.0,1037516890.0,1.0
11215710,2547153690.0,7693738414.0,1.0,75830574480.0,119432950.0,2958023545.0,31234268791.0,198316933655.0,70851372151.0,78108987365.0,115303085.0
11215730,36323432825.0,4476764474.0,72925260.0,40866325139.0,281240965.0,935986148.0,7881901231.0,72986978194.0,62373113046.0,13471718362.0,3905298924.0
11215740,2147383357.0,56317707.0,1.0,34604962375.0,1.0,4831372.0,6484654301.0,13563357075.0,15075462519.0,4018753333.0,1.0
11215750,29111149.0,5427648228.0,1.0,19704976512.0,1405322636.0,64372725.0,1443724022.0,13134813580.0,9815993470.0,2438857849.0,1.0
11215760,1983684738.0,439751264.0,2000000.0,15635352428.0,5094398.0,109741908.0,4016652355.0,15121104974.0,14924121452.0,1436721591.0,1.0
11215770,4015521246.0,1922913711.0,112135569.0,28597870465.0,447445143.0,1.0,3518964288.0,14309714888.0,9204066035.0,5235138542.0,1249572038.0
11215780,24298119991.0,2908634234.0,201639814.0,26644272163.0,681683973.0,872004692.0,3732796176.0,38033890713.0,37859758382.0,19247897415.0,529024290.0
11215810,3906840572.0,127449556.0,1.0,11677943351.0,1.0,199482861.0,4720891485.0,24416593093.0,2275537417.0,5440497235.0,331996033.0
11215820,2485529218.0,3179852687.0,1174689378.0,49685447224.0,893610095.0,378000000.0,3694988868.0,21401231243.0,16961886832.0,11036171187.0,1.0
11215830,3953609071.0,4235192490.0,1.0,21966341721.0,366394702.0,1.0,4738845607.0,19534490623.0,15130505197.0,1887844231.0,121951219.0
11215840,387750061.0,4304724972.0,160586299.0,11052196708.0,53390990.0,45628742.0,1653714006.0,10606446397.0,2841994574.0,1316457979.0,1.0
11215847,2233842444.0,1166623170.0,1.0,34589673527.0,338759255.0,1946152092.0,4403049316.0,27580757783.0,14100377583.0,3870257933.0,141421771.0
11215850,26645722967.0,3423490678.0,3290188744.0,80165404318.0,1943569302.0,424260235.0,10274994164.0,75434529155.0,48541658731.0,7443900130.0,5827796720.0
11215860,3305280.0,445798387.0,1.0,6454740028.0,49389491.0,409129766.0,395760851.0,1236526310.0,543577786.0,78471230.0,1.0
11215870,300239109526.0,38112184186.0,1.0,59372424493.0,6078844968.0,747336645.0,8811879156.0,64773243317.0,66454825204.0,26913742440.0,16593624992.0
11230536,6344424455.0,33828590125.0,46631755.0,139516178933.0,9756042145.0,984741529.0,9417665135.0,98720199228.0,78889546537.0,32487492827.0,7398477440.0
11230545,19032084536.0,686334700.0,1491311243.0,2211215892924.0,16236436647.0,792836881.0,3517948582.0,55648643337.0,94416894430.0,2609737435.0,29001874416.0
11230560,1383672357.0,894616499.0,75852520.0,43391634303.0,1467718590.0,999549921.0,8940273871.0,45904361482.0,54365800016.0,15860014303.0,128139079.0
11230570,365122195.0,78636364.0,1.0,973178085.0,1378050188.0,1.0,687020198.0,4153229368.0,9575721221.0,216777275.0,1.0
11230600,45261635895.0,3751654773.0,120518185.0,23667644615.0,419165783.0,91619592.0,2970506985.0,19623638818.0,7349282751.0,1503389118.0,28763177108.0
11230610,563316351.0,7619453986.0,1.0,35133495083.0,12239899.0,1.0,2630954052.0,18544664629.0,17089758238.0,1696850595.0,1447383172.0
11230650,1276980738.0,5977508749.0,185470495.0,191612562998.0,1911340502.0,2686669821.0,12323130885.0,72644170706.0,141200345000.0,41285634198.0,2674317345.0
11230660,85049014638.0,28902685078.0,818507434.0,99794187190.0,3591692164.0,3256198251.0,11553626693.0,79013563241.0,67928073689.0,17470890254.0,8874278762.0
11230705,370428060.0,20977370.0,1.0,5182649461.0,1.0,65811049.0,225078536.0,3622512963.0,1.0,124801095.0,1.0
11230710,1892486257.0,2790784518.0,1.0,23774559327.0,929847550.0,69272971.0,5330719870.0,59979480263.0,22565088539.0,5343226929.0,1.0
11230720,2565491391.0,141176629.0,1.0,17953139227.0,1.0,3238834755.0,3836040506.0,24218629010.0,7679054612.0,1520239736.0,19149153.0
11230730,95786698.0,2999027.0,1.0,12963326434.0,1.0,1.0,1566504352.0,6681315516.0,30046021095.0,1016084015.0,1.0
11230740,1476609680.0,1161521064.0,27623447.0,22873037834.0,518396147.0,1.0,2486879098.0,21105081968.0,7123819598.0,1214567571.0,34857795.0
11230750,1.0,1.0,1.0,1323479005.0,1.0,1.0,96693411.0,654196368.0,414223953.0,50909092.0,1.0
11260520,2820416140.0,2732372501.0,3928347437.0,55516276315.0,20658213215.0,195117911.0,5265976074.0,37302897266.0,39772800361.0,7600788533.0,6208122.0
11260540,68369401.0,1608032284.0,1.0,6854518478.0,2459131483.0,1.0,649637907.0,4371424142.0,1186475041.0,41709837.0,1.0
11260550,7366449136.0,84918053.0,1.0,11533129779.0,552934758.0,236318555.0,1173366373.0,5008513645.0,2714162460.0,146739305.0,17035555.0
11260565,2482499082.0,1435799146.0,795259889.0,89272595145.0,242370978.0,43418961.0,5864177007.0,55145658063.0,38396959267.0,10056065359.0,6765293.0
11260570,1631722496.0,2202268181.0,3081820378.0,48271593192.0,4286652651.0,1.0,3535657658.0,15069207370.0,18459051092.0,3792606758.0,1.0
11260575,1265241859.0,2697228743.0,61673408.0,26543103038.0,1600798180.0,403058347.0,8920949366.0,53629405150.0,66071099190.0,10971463801.0,1.0
11260580,17292292930.0,2074676249.0,1.0,10655169574.0,1.0,105304965.0,4491245611.0,15396422998.0,15286329714.0,761726606.0,1.0
11260590,8814666573.0,1078264666.0,126986127.0,71145138465.0,44787956615.0,1993366901.0,10349732637.0,86918958435.0,39199867442.0,15871696801.0,8314280.0
11260600,4992249182.0,2512036034.0,130540735.0,11280152006.0,57760705.0,63825672.0,1848687152.0,8030035628.0,10779070781.0,3601429683.0,893239131.0
11260610,1551162457.0,87820432.0,225067625.0,57277333080.0,627160775.0,79342458.0,11572876005.0,31358918340.0,17053666825.0,4695284235.0,54394977.0
11260620,2751235243.0,2053016825.0,1.0,24056907197.0,292906724.0,1.0,4781293634.0,14643188956.0,6929271845.0,4593621460.0,1.0
11260630,2730680836.0,847609454.0,1.0,26030844389.0,1.0,1.0,3360201507.0,9347131782.0,5821751921.0,7493579740.0,1.0
11260655,2374151161.0,1480939817.0,658545317.0,56108157621.0,205593642.0,372337355.0,4471793247.0,40705443423.0,23327777855.0,5839312967.0,1204080126.0
11260660,2001891261.0,101719103.0,98072293.0,6751392475.0,1.0,1.0,581784267.0,3792856099.0,1069280397.0,428264184.0,1.0
11260680,4050665689.0,5191328534.0,76703357.0,9102879520.0,3476715303.0,78129741.0,14361484656.0,28630007784.0,21972475257.0,7104321238.0,635030593.0
11260690,20766667.0,4694527045.0,1.0,282698165.0,1417606568.0,1.0,9954986049.0,1633649182.0,12017939751.0,1035918473.0,1.0
11290525,4869416470.0,1627416996.0,1.0,16820679565.0,53727685.0,1.0,1796203789.0,20078735291.0,8676412312.0,2944882865.0,1.0
11290555,17983172707.0,11780365401.0,519182214.0,55208349643.0,10043372902.0,724438048.0,4392852001.0,48144196134.0,50854996365.0,12664690561.0,2718180657.0
11290575,3491072950.0,12988168155.0,24946169.0,40000361276.0,1942670997.0,1819207718.0,22500247342.0,88059475775.0,31279715097.0,24868310366.0,1.0
11290600,2623545860.0,1313687999.0,1.0,31095717108.0,2080748164.0,603806371.0,10170701592.0,70044565173.0,24437438415.0,8141753027.0,1.0
11290610,5630127.0,161451254.0,1.0,1860506595.0,1.0,1.0,648167728.0,3409826878.0,3287266972.0,110988768.0,1.0
11290620,123342880.0,4470323575.0,1.0,11676444546.0,1.0,32007935.0,3201820403.0,6875634177.0,10506390375.0,322315817.0,1.0
11290630,3554783925.0,7056743780.0,1.0,6306594764.0,1.0,1.0,1540006264.0,7896719463.0,14829140142.0,1249519584.0,1.0
11290640,309270704.0,645389025.0,1.0,27428216179.0,84594624.0,35387234.0,3449552814.0,15620017621.0,16159124872.0,1818686167.0,1.0
11290650,263386553.0,1317905785.0,422512686.0,13114802374.0,198582787.0,56576917.0,1643737871.0,9729912369.0,18899698800.0,527421072.0,1.0
11290660,937024510.0,6200209238.0,1.0,4960272438.0,1.0,69447880.0,2172969382.0,4575677636.0,7965126747.0,1113690810.0,96692756.0
11290685,58420016.0,5073335732.0,1.0,7473128196.0,108384177.0,1.0,1178230086.0,4083141471.0,2231150721.0,1.0,1.0
11290705,4779794008.0,6562080672.0,28237163.0,32448368587.0,5979773177.0,729710141.0,4530560825.0,32198472720.0,27842333202.0,3148725089.0,1.0
11290715,3627046119.0,1104995439.0,82745557.0,16996188180.0,388565130.0,2357143.0,5416926279.0,19250382723.0,34344720324.0,13666566972.0,1.0
11290725,3040836620.0,366852865.0,164875212.0,13325905865.0,7200307035.0,58986821.0,3067349783.0,25273684494.0,15383621490.0,6079285880.0,1.0
11290760,74436094.0,777291519.0,1.0,9792767379.0,98129903.0,51596078.0,729571937.0,9963357381.0,5292234049.0,266272391.0,1.0
11290770,2147958971.0,491578170.0,1.0,26389851643.0,1.0,1.0,1698812574.0,10383710827.0,6719606456.0,1735016196.0,68725629.0
11290810,5571200282.0,1011541502.0,66589166.0,33047043488.0,281187752.0,333030143.0,4181398313.0,46677806413.0,17989510971.0,9183025199.0,1.0
11305534,811794077.0,1405217535.0,1.0,18261900913.0,81510271.0,400832889.0,3045552197.0,6025985428.0,29608060143.0,1104285491.0,1.0
11305535,12756315443.0,1812140190.0,223872865.0,32392864798.0,1548298884.0,851777634.0,6678560838.0,31952153365.0,46339931831.0,11485907820.0,13250595.0
11305545,2864038482.0,1757225992.0,122294309.0,58284847550.0,351445106.0,1437044569.0,5335383693.0,50253739900.0,42795350407.0,38306969181.0,1.0
11305555,10053310354.0,1473569900.0,1.0,38355032181.0,725554307.0,422408928.0,2822463254.0,19825523940.0,22303849457.0,4287047336.0,201000000.0
11305575,486715514.0,1074258124.0,1.0,4333828259.0,1.0,1.0,777686260.0,12268602992.0,12083635053.0,2700643198.0,1.0
11305590,10403511242.0,1878348051.0,77724069.0,36575602093.0,111198002.0,185820384.0,4081549095.0,12514156468.0,3449001536.0,547579710.0,13000000.0
11305600,8728554008.0,1.0,1.0,4317163683.0,1.0,1.0,1424702483.0,1773184910.0,1389807725.0,1.0,1.0
11305606,96970946.0,14109962.0,1.0,1207265775.0,1.0,1.0,465275233.0,2941775054.0,989765973.0,167050182.0,1.0
11305610,6723484850.0,1510852992.0,235376638.0,114425530671.0,81556425.0,858992373.0,2378337966.0,18136012668.0,18677610289.0,12692851446.0,231752904.0
11305620,9358010133.0,1758186176.0,89040046.0,25198585559.0,7227309.0,129249052.0,3538855138.0,15688549893.0,5529073560.0,502100749.0,1000000.0
11305630,5536475062.0,2654393222.0,73528003.0,94177515601.0,339466859.0,7272030045.0,26238778385.0,150868604384.0,132599796027.0,58445134563.0,5804940187.0
11305645,641564902.0,1852608345.0,1.0,24046567223.0,249581774.0,318827784.0,1939249558.0,31724688216.0,16700312987.0,2947673074.0,646835482.0
11305660,572026967.0,1646265195.0,63425541.0,17108552545.0,5655135.0,1.0,1500657952.0,17304360208.0,5847043067.0,177395864.0,1.0
11320511,115109525.0,891791295.0,208404512.0,17043834769.0,845829147.0,1.0,2940189563.0,31004135677.0,36748741428.0,5681242050.0,1.0
11320512,144386109.0,2513900906.0,112211936.0,34426145059.0,56726673.0,1.0,1654256300.0,8150110128.0,8668084630.0,2140465035.0,1.0
11320513,2907340668.0,1502011643.0,1.0,25219828476.0,529613400.0,1.0,1067961900.0,15921882006.0,15304413245.0,2757612782.0,1.0
11320514,1781506731.0,6184645380.0,1.0,18935407473.0,2741426970.0,2573079205.0,11950007719.0,46927280407.0,67368409775.0,7294935987.0,1.0
11320515,1243655749.0,5530933689.0,1.0,13661116072.0,518615200.0,148648602.0,2373685127.0,16828384672.0,14003649487.0,680742946.0,1.0
11320521,6311630570.0,594382319.0,1.0,63929300124.0,3858199073.0,285385505.0,45723732083.0,43778977081.0,11747725997.0,4783318021.0,1.0
11320522,614338288.0,162268692.0,1.0,812413098.0,1.0,1.0,899711807.0,5741929980.0,1622820121.0,6756091.0,1.0
11320660,213102754.0,1815197771.0,1.0,30731786262.0,2288787438.0,1.0,1431122553.0,10332755633.0,9717793177.0,866090321.0,1.0
11320670,1559716464.0,3773183985.0,1.0,19917610323.0,89853964.0,56843822.0,5566713601.0,15724939012.0,19259226714.0,4049259286.0,5348071920.0
11320680,2365240045.0,3303117942.0,1.0,30386320485.0,146338435.0,29048904.0,2768470603.0,23174831185.0,26762290474.0,7867803871.0,15577138.0
11320681,1.0,2686249628.0,1.0,11229265637.0,1.0,1.0,802545138.0,797650158.0,7836146203.0,1.0,1.0
11320690,19682863066.0,6744048487.0,277582462.0,47775425321.0,18453023.0,289161973.0,5952295815.0,37006373750.0,29005509691.0,5849217649.0,1.0
11320700,1733683656.0,3749686213.0,287517314.0,71170563024.0,69070507.0,15401573.0,2454955043.0,15403444893.0,50670960274.0,2486933287.0,1.0
11320710,1.0,931869480.0,1.0,7043521537.0,8823284.0,1.0,879686564.0,4141095179.0,13381875398.0,329111185.0,1.0
11350560,329767413.0,2683378789.0,1.0,14807151957.0,1328308093.0,297878483.0,4621200190.0,41082719071.0,32091599738.0,8060345134.0,1.0
11350570,1.0,1.0,1.0,1388930317.0,1.0,1.0,7026418.0,477603900.0,1.0,61833992.0,1.0
11350595,10921485722.0,3247507822.0,125917530.0,62288207457.0,2612567071.0,1022086650.0,6536112088.0,59381481332.0,39887820969.0,27289221873.0,2502238039.0
11350600,1187993110.0,4080601128.0,1.0,11399117117.0,688166055.0,87271351.0,2640781012.0,27212445358.0,15108590836.0,1237518725.0,1.0
11350611,1.0,213551194.0,1.0,8063853602.0,10287133.0,1.0,681078609.0,5342142171.0,1492752994.0,4000000.0,1.0
11350619,26025134.0,68811300618.0,1.0,25947212677.0,6709493666.0,1.0,7028331846.0,38565873928.0,49558152767.0,6168229008.0,1.0
11350624,4861114229.0,3031286089.0,2207204217.0,21547146953.0,1181922289.0,1.0,5914453594.0,50790208294.0,24501590605.0,5589748801.0,1.0
11350625,31117161413.0,1222220460.0,1.0,35390019179.0,1346461989.0,1.0,3597089103.0,22612499575.0,43509033233.0,16273477640.0,1.0
11350630,1852675615.0,2427601686.0,228738465.0,42923450525.0,1108780638.0,246969800.0,12147208932.0,54075858271.0,36239294179.0,5411310635.0,1.0
11350640,36703732271.0,17284485966.0,66799811.0,71636380763.0,10960878478.0,4430966405.0,35515744596.0,160667866898.0,205243844054.0,40014768643.0,1.0
11350665,851842824.0,70415403.0,1.0,6119370625.0,1.0,222276925.0,185120693.0,5343320368.0,4045466957.0,1399905525.0,32242420.0
11350670,594631198.0,3282097993.0,1.0,20081617400.0,229880430.0,32319664.0,1985324611.0,9400182568.0,11237258645.0,722964780.0,58253718.0
11350695,357387400.0,2227991108.0,1.0,8511651341.0,1.0,1.0,7536385368.0,8972940084.0,21272908479.0,976603952.0,1.0
11350710,299854563.0,9148373154.0,1.0,6589859111.0,4029900949.0,1.0,2537092533.0,16333398490.0,40391453833.0,7775625592.0,283241458.0
11350720,4688062.0,1801262583.0,621503639.0,6322724765.0,1.0,1.0,955875788.0,625022761.0,1352433306.0,479012644.0,1.0
11380510,6393182726.0,2820905376.0,1.0,69099193255.0,2085381662.0,698378336.0,6777878048.0,29944519983.0,4411807768.0,497017915.0,1.0
11380520,13642977.0,406675757.0,14002280.0,14092302857.0,3675796938.0,596941570.0,6800123829.0,25232901170.0,24046381275.0,6970621055.0,1.0
11380530,56475332329.0,6928752918.0,49873652.0,55374472465.0,9787053765.0,1380636094.0,17624941372.0,43357114876.0,87061373266.0,16730526754.0,1.0
11380551,1010688060.0,4601256715.0,98996195.0,41563964550.0,1.0,469892593.0,9842983323.0,64317619561.0,36445090133.0,12172334748.0,1.0
11380552,632403412.0,21652382211.0,121851435.0,79943756480.0,3997822359.0,1.0,6460601098.0,27053524766.0,59331512552.0,10210057761.0,1.0
11380560,6520292832.0,3159331730.0,26176353.0,36013933356.0,379022881.0,1.0,4393168340.0,9737160157.0,4442794378.0,1856874567.0,1.0
11380570,9870652158.0,2777512242.0,89455799.0,84925613844.0,245756422.0,3417182612.0,6672972339.0,65093154244.0,55375408616.0,27499784255.0,1.0
11380580,12297184849.0,5910664077.0,49421647.0,39380978949.0,1810069064.0,2012184302.0,5595083969.0,38916926083.0,45748044911.0,4250225208.0,1.0
11380590,65956759.0,1.0,1.0,858024386.0,1.0,1.0,384864208.0,872894929.0,4140236880.0,1337926915.0,1.0
11380600,2647739777.0,3262571934.0,1.0,86748638249.0,2628312104.0,1225455771.0,6658128722.0,32420825934.0,36060000734.0,13991050605.0,1.0
11380625,818591831.0,7609722426.0,46472835.0,33331078694.0,857728536.0,25193332.0,9125114895.0,20576966574.0,12401941542.0,4893717582.0,449438.0
11380631,215648884.0,3118684783.0,15066762.0,11870692795.0,14996725092.0,1.0,5135011080.0,18120359631.0,32598662742.0,3795216017.0,1.0
11380632,524112975.0,1728287937.0,12048219.0,13161760837.0,521280295.0,1.0,1595756994.0,7729618173.0,6107460559.0,245515501.0,1.0
11380640,419406214.0,3438155540.0,280911412.0,25993764165.0,39514682.0,1.0,2679248765.0,10521773010.0,13531925546.0,3922596535.0,1.0
11380650,1.0,1.0,1.0,30647387.0,1740686.0,43631315.0,152261043.0,1511312655.0,1740052081.0,616609123.0,1.0
11380690,9000000.0,117252971.0,1.0,108000000.0,1.0,1.0,143950915.0,15796590383.0,392909565.0,7007377143.0,1.0
11410520,407414409.0,1019044385.0,1.0,17551645625.0,611227282.0,1.0,601507417.0,7694974036.0,14529572189.0,1826042624.0,1.0
11410555,26425006841.0,115490025.0,1.0,11703586804.0,1.0,243033062.0,357496848.0,6683495959.0,7635213955.0,2736405598.0,1.0
11410565,797272743.0,98540987.0,1.0,12596121184.0,760059755.0,1.0,515404189.0,39972217522.0,23212311100.0,860695380.0,1.0
11410585,9880051919.0,10901183426.0,653190086.0,71465791494.0,9245136758.0,7539882106.0,31979348807.0,193007382749.0,165210454139.0,48238527976.0,1.0
11410615,7893142068.0,8662925996.0,34657697.0,48505029177.0,629601632.0,332741043.0,50563449498.0,73647549557.0,16463408433.0,8043113091.0,1.0
11410620,8028960353.0,3601520768.0,1.0,25702278858.0,1399483775.0,230980636.0,9403918110.0,32284562760.0,76490068267.0,6845363173.0,1.0
11410640,260208447.0,2284699869.0,22008732.0,107778487554.0,1.0,22214400.0,1357567347.0,18821081998.0,8609676404.0,2599661851.0,1.0
11410660,648937828.0,2282811092.0,16621439.0,42903783286.0,37963722.0,1.0,1358455396.0,7787315150.0,8205616129.0,1319577991.0,1.0
11410685,618067035.0,732971194.0,263972891.0,11034079758.0,2001789359.0,1.0,4700923374.0,21263527087.0,5843097947.0,2466663799.0,1.0
11410690,561907547.0,4353112736.0,1.0,13792341438.0,621300077.0,457864511.0,2545277654.0,7725058771.0,37241345894.0,6974453816.0,1.0
11410700,677207899.0,6613909088.0,94756084.0,21860885536.0,658256501.0,1.0,3414034608.0,17643781391.0,14953175077.0,4793321534.0,1.0
11410710,89236966.0,1.0,1.0,4683517797.0,1.0,1.0,143494089.0,856383085.0,1.0,1.0,1000000.0
11410720,28068883828.0,12867209722.0,1.0,34932150787.0,119262136.0,89550486.0,5076753556.0,27474813016.0,19167876744.0,2140060336.0,1.0
11440555,1075137532.0,1766672200.0,1.0,52655621256.0,594199008.0,1.0,1063669004.0,29573139597.0,33849646829.0,3474165085.0,1.0
11440565,2731005086.0,7643538000.0,702477297.0,21258704186.0,2114089680.0,94605764.0,10834816941.0,73985109433.0,98735961502.0,30386962304.0,1.0
11440585,765495734.0,571241232.0,1.0,10429726556.0,1000989300.0,174571090.0,2666727946.0,78172985941.0,12022283485.0,2056737447.0,1.0
11440590,3517002666.0,5277582927.0,1.0,26498997365.0,20068560081.0,1.0,34828349750.0,68262767600.0,42731638555.0,9827599284.0,19504104.0
11440600,3119109835.0,14277396953.0,1.0,10099856096.0,55403225956.0,1.0,2834976322.0,15638466360.0,7604529157.0,661263752.0,151010644.0
11440610,699586200.0,3928426254.0,1.0,21570985453.0,2487832108.0,112298200.0,2244744116.0,14997279951.0,7818440524.0,1722471732.0,1.0
11440630,4160732639.0,2681665847.0,1.0,37960463300.0,939880412.0,1786881370.0,694466828.0,13911248456.0,11335692864.0,465477744.0,1.0
11440655,1829972635.0,5466536312.0,2085479224.0,24522125535.0,964730102.0,18763967.0,6839795683.0,42555454356.0,3097677704.0,7521212228.0,126754570.0
11440660,22588991108.0,50061603012.0,1291237015.0,157273867686.0,32198820359.0,2285829598.0,77327910205.0,513137374991.0,212596595077.0,231524966414.0,10136604311.0
11440680,5966459334.0,3060607684.0,96210291.0,43799117574.0,2036434719.0,92346694.0,24014246920.0,114212272003.0,91637983046.0,22800066142.0,2773714573.0
11440690,1682049004.0,841334399.0,14031992.0,72773701962.0,166224249.0,1.0,3761451765.0,46654707241.0,11577104505.0,4242618023.0,40366260.0
11440700,1932362149.0,5901846492.0,224705805.0,68184010301.0,351094831.0,1.0,4919427666.0,30062994138.0,20403701995.0,2459894636.0,1.0
11440710,20239590964.0,1362824929.0,1.0,6853794061.0,2059459645.0,10616766.0,568274646.0,15039313333.0,1250770351.0,775772987.0,204986601.0
11440720,17601508559.0,1741415894.0,1.0,35700899263.0,357246401.0,1.0,3960099959.0,36775739780.0,10404132959.0,1032815231.0,4108745492.0
11440730,5551244547.0,4066707199.0,34383375.0,705262942018.0,600366217.0,1.0,5581300718.0,25322512961.0,6048060899.0,6317261922.0,1.0
11440740,2842204861.0,7638472044.0,1.0,30333880911.0,11983037650.0,1.0,7473397093.0,154973101088.0,25868384039.0,4048772068.0,747000000.0
11470510,4736515498.0,53540351594.0,197088771.0,9839771217.0,4383306339.0,84993501.0,10255284953.0,66037869909.0,41502206248.0,6591046139.0,1.0
11470520,479207563.0,1178161012.0,7683927.0,26327358643.0,1074096615.0,110522854.0,2546757402.0,17403038499.0,16871631969.0,2513345780.0,74000000.0
11470530,21628400949.0,3080933046.0,986104808.0,39772539474.0,407312117.0,1.0,11511702302.0,44454313297.0,42091710709.0,16953738727.0,37327837.0
11470540,730703692.0,4434583979.0,276668189.0,46197930081.0,307583943.0,1.0,6799900336.0,12146265497.0,9373421293.0,2028865412.0,1.0
11470550,9080311435.0,122349653224.0,1.0,71042992086.0,2491787294.0,1.0,14048220232.0,100374954024.0,60790125261.0,13254921393.0,3562723168.0
11470560,1921657496.0,2365958027.0,422007423.0,90247596491.0,4861798627.0,138403291.0,4923934152.0,23967802719.0,13146773579.0,7060605553.0,906050.0
11470570,2670872186.0,2372582209.0,1.0,28385822020.0,36563715.0,193600813.0,1522413641.0,7445146062.0,12068889545.0,2438083059.0,1.0
11470580,2019556306.0,486257210.0,1.0,13178213917.0,105943643.0,1.0,1780148686.0,9044538040.0,9074744142.0,1134142358.0,1.0
11470590,1058860401.0,4832783617.0,1.0,14294427314.0,133919573.0,1.0,2205017450.0,20988116212.0,11968642100.0,1581653643.0,1.0
11470600,7411710859.0,126335734.0,1.0,8719693923.0,884022990.0,113289819.0,4862630067.0,11515227813.0,7430143928.0,5082698799.0,1.0
11470610,3605131210.0,198010041.0,12000000.0,20784169355.0,1.0,1.0,1041973434.0,5591411406.0,18414880487.0,5521199357.0,1.0
11470611,5006816793.0,1870950878.0,1.0,16325968339.0,328162279.0,1.0,3898857763.0,12389619103.0,22067530727.0,1925806195.0,4747701.0
11470620,5221195589.0,20577284611.0,1.0,24523704853.0,2956688337.0,31940731.0,3768402130.0,23614079811.0,9907882972.0,2135761428.0,1.0
11470630,5243978259.0,21901792612.0,1.0,24533674966.0,376326415.0,1.0,3370606523.0,20031778281.0,13583423703.0,1767406251.0,1.0
11470640,714375489.0,2731630286.0,1.0,17182847327.0,451320604.0,1.0,3488890197.0,5465557619.0,5282723969.0,46427071.0,1.0
11470650,13813489633.0,17927403635.0,242070779.0,77158925958.0,8461683938.0,543210088.0,22242293688.0,77388432079.0,85114090576.0,36882777555.0,684432481.0
11470680,1.0,8812800.0,1.0,1218479757.0,1.0,1.0,10494237794.0,2893007030.0,1.0,1.0,1.0
11500510,54140997.0,298578970.0,1.0,9394902805.0,1.0,249187010.0,347696857.0,5041470723.0,2594516063.0,35587075.0,1.0
11500520,7093877664.0,3096157204.0,1.0,19494722807.0,10177508864.0,1.0,6742767400.0,15583345588.0,46473440008.0,283470786.0,185292061.0
11500530,3873584.0,86044475.0,1.0,12213108557.0,1.0,1.0,182888163.0,1042290675.0,1.0,555666149.0,1.0
11500535,26857969658.0,17346981172.0,712796660.0,48043247803.0,3379127054.0,1.0,20716210920.0,40100534525.0,53085959741.0,17451835916.0,272852521.0
11500540,14505733892.0,6748757809.0,233127580.0,109096655482.0,2467356989.0,6767620472.0,22749548762.0,104363783703.0,101472367311.0,24290694880.0,771865279.0
11500550,4726791287.0,4212821328.0,19201698.0,11782526265.0,8721713518.0,1.0,3518309898.0,10504053701.0,8575946108.0,2296757347.0,8644953.0
11500560,685454756.0,2276843381.0,67006796.0,13518101590.0,1.0,1.0,2541767517.0,10440086014.0,10631971325.0,2664076228.0,1.0
11500570,25832654553.0,4931243420.0,1768559847.0,82465206687.0,1318489752.0,408693195.0,5224411985.0,34835078219.0,41427521550.0,9019343691.0,1.0
11500590,1954958076.0,4930762325.0,482521677.0,56321641553.0,1993657408.0,2766986087.0,2131094622.0,22856705442.0,12453629089.0,20720213936.0,1.0
11500591,810906376.0,3379366064.0,106326451.0,54204415566.0,1691386404.0,2863078121.0,4909727441.0,56882656054.0,34159282055.0,10992500425.0,1.0
11500593,378925130.0,850224863.0,228238502.0,37316483256.0,30819683.0,1.0,5022053814.0,17270394133.0,31289151907.0,4688248910.0,1.0
11500603,3198952900.0,4966668060.0,34072060.0,46324484241.0,24368357500.0,1.0,14784314601.0,121496153651.0,24427652390.0,43184602116.0,25851316.0
11500605,455802365.0,557155822.0,1.0,3286948499.0,1.0,1.0,282495985.0,1915852604.0,6573305257.0,1.0,1.0
11500611,3714890882.0,10517793757.0,1.0,442755039278.0,1576654807.0,1.0,5812051951.0,24295724008.0,27286924588.0,6280954873.0,409577.0
11500615,25374389536.0,19557818018.0,275626429.0,27347780003.0,7298201237.0,1.0,2885127999.0,19740081387.0,10673620934.0,2752465194.0,154059450.0
11500620,1385000370.0,2395253346.0,1.0,97804896255.0,219385462.0,692992115.0,5295903066.0,40203883109.0,19086004516.0,6393414854.0,1.0
11500630,23443144214.0,4463398462.0,51890782.0,60981610768.0,5630977995.0,352912616.0,5948149362.0,34685432291.0,34483224037.0,12727758006.0,1.0
11500640,2021371724.0,426038640.0,1.0,10486726828.0,340438651.0,401546017.0,2287588887.0,14811896458.0,17488625983.0,4624460003.0,1.0
11500641,2990647152.0,26075628.0,1.0,12900249593.0,1053550511.0,1.0,1274694314.0,16374933644.0,3430651902.0,1.0,1.0
11530510,593012429.0,36983690.0,1.0,4423687984.0,1.0,1.0,223796610.0,4487084972.0,1.0,952111.0,1.0
11530530,500832293163.0,452515772.0,1.0,125438558680.0,19459140075.0,1716540772.0,6496705613.0,65718136253.0,54557791954.0,203966870018.0,557572120.0
11530540,61155837087.0,7549095642.0,253166333.0,55256379679.0,22440055547.0,1596207048.0,44470555781.0,218827247817.0,102515539431.0,59188364340.0,23839419833.0
11530550,1350614626.0,3258725733.0,1.0,20489604959.0,1.0,251337299.0,3672652335.0,28587569865.0,39122124495.0,6808462022.0,1.0
11530560,48347644867.0,2503010666.0,1.0,46333808979.0,17307547663.0,2776861131.0,8001373976.0,133691131698.0,60798555599.0,14014261901.0,3632850632.0
11530595,7640230974.0,1213231334.0,1.0,60379729902.0,173763386.0,1568669206.0,1925911610.0,17092822549.0,9001576243.0,744242652.0,1.0
11530720,5875314134.0,429612598.0,39064748.0,17651463763.0,358403026.0,1.0,7692581291.0,21733869288.0,14969795628.0,1341409799.0,1.0
11530730,9044693668.0,3464950052.0,1.0,76644631014.0,383706828.0,1.0,4358309414.0,31023891335.0,20072116572.0,2494837634.0,1.0
11530740,371047518.0,2892406258.0,55879617.0,26395532918.0,24000000.0,548151120.0,2948790137.0,15827214054.0,10956293990.0,1706365767.0,1.0
11530750,413750748.0,504744723.0,1.0,21553754546.0,1.0,55632470.0,3481700967.0,10065511739.0,10693327119.0,1538770080.0,1.0
11530760,7471818203.0,6290738282.0,1.0,28820308649.0,469644481.0,1.0,5411054356.0,20878629185.0,27063758124.0,6256777553.0,17754387.0
11530770,3346157416.0,2202704539.0,37000000.0,50835754397.0,427478681.0,2215595424.0,5585030009.0,23375933519.0,51755809796.0,6136166334.0,12118581.0
11530780,257043949.0,1223334824.0,1.0,16113662390.0,1.0,1.0,3859868616.0,16679985503.0,13543444779.0,903756903.0,1.0
11530790,633160906.0,3069002994.0,1.0,23437064327.0,1315074430.0,1.0,1646450275.0,14821649354.0,5767830935.0,301531813.0,1.0
11545510,29278456714.0,1715825547.0,2223924500.0,207417537526.0,135868047828.0,4269185648.0,155434169543.0,266752381104.0,227655123607.0,465897507771.0,11390763737.0
11545610,7020035330.0,1629930386.0,32960964.0,933454520013.0,7723731537.0,1082628403.0,11738377831.0,58979758559.0,34591857058.0,8028248840.0,26718579.0
11545620,3397407333.0,2393522102.0,1.0,41921816300.0,25743090.0,929931.0,2527726811.0,12100195399.0,23814832145.0,1261502208.0,647166.0
11545630,10044673565.0,3126892678.0,1.0,144683685861.0,2026185493.0,116735581.0,3872294613.0,33265188877.0,24783173627.0,6176125778.0,88000000.0
11545640,1717693015.0,1527757337.0,592167502.0,30622619138.0,402412545.0,279505346.0,3324671592.0,21139271150.0,21132202921.0,1636590842.0,1.0
11545670,3417867758.0,4377652528.0,398038115.0,100657064940.0,911960797.0,1441528752.0,9332601468.0,75030649342.0,81609623136.0,18368415933.0,1.0
11545680,308639.0,419678199.0,1.0,3152080706.0,41860164.0,1.0,949295496.0,2320777750.0,2846586933.0,1018178548.0,1.0
11545690,332820072.0,645333087.0,29821980.0,23755243739.0,550457673.0,1.0,7289175034.0,12788648646.0,6649465141.0,247766497.0,1.0
11545700,347036377.0,1394203372.0,14219352.0,21592384567.0,186885313.0,1.0,1956780726.0,11195401598.0,22309371033.0,1602662619.0,1.0
11545710,393060417.0,3112688351.0,1.0,43281592172.0,37232873.0,1.0,3702144941.0,15376134383.0,30875217889.0,4168244012.0,1.0
11560515,1031118641.0,636751087.0,87115781.0,6499463174.0,1.0,44655970.0,493264374.0,22357521324.0,4039148833.0,47337314788.0,1.0
11560535,72786399107.0,1623548070.0,1192555776.0,284308383634.0,25295579194.0,6333272700.0,29420023525.0,188078942159.0,100457772998.0,196992504107.0,67123696.0
11560540,10954096409.0,26948342789.0,1.0,97491930684.0,12822608145.0,310356906.0,28538713194.0,555509001453.0,103360099461.0,48381255713.0,43926500309.0
11560550,6324619643.0,759124160.0,583732704.0,502458221392.0,4360080741.0,692513064.0,11931338589.0,79200488446.0,36940504070.0,11419410768.0,42405610.0
11560560,3862894534.0,11711558746.0,110860245.0,32554324066.0,1972622325.0,572888387.0,9717790157.0,110392312331.0,46643709780.0,10465833707.0,1087152533.0
11560585,1456928011.0,2096346303.0,70220561.0,24235175705.0,346328458.0,287669153.0,6457918072.0,15419405096.0,18465912045.0,2859923649.0,1.0
11560605,625383747.0,833947652.0,119177114.0,169521310770.0,3961914462.0,70871574.0,3166721472.0,76620530775.0,84938943260.0,6323996001.0,44962126.0
11560610,595501466.0,189504558.0,1.0,19041706925.0,3614866971.0,322427839.0,2072160074.0,17885592613.0,37190399276.0,2917953254.0,17352000000.0
11560620,321442199.0,2129504876.0,1138122550.0,15843623772.0,9943206593.0,227538044.0,11526030446.0,51774678292.0,155682425755.0,9275614754.0,3156887241.0
11560630,2567895480.0,1474484245.0,1.0,28802455737.0,615384634.0,312186286.0,12935975909.0,27056860588.0,33307145854.0,3523971988.0,28237561.0
11560650,146176304.0,957974887.0,117179425.0,21187740567.0,18990582.0,1.0,1210791072.0,3368517920.0,7470121275.0,1173838944.0,14008239.0
11560660,44681177.0,1.0,1.0,5571654591.0,1.0,1041666.0,184120245.0,2004382050.0,284518465.0,929579036.0,1.0
11560670,24052386311.0,4403433949.0,1.0,10828874883.0,1.0,68132903.0,720890701.0,10917987667.0,904212139.0,443768791.0,1.0
11560680,469317741.0,1430062251.0,27452068.0,40326015319.0,661476739.0,196655562.0,1596805110.0,21754788300.0,17363707078.0,680742190.0,1.0
11560690,612419515.0,1519782635.0,1.0,13237486127.0,1.0,1.0,3316545407.0,9109037644.0,14857554103.0,376248109.0,17169180.0
11560700,210940945.0,804559441.0,1.0,28366534727.0,709524.0,363401467.0,1937485218.0,17331565153.0,27761141166.0,3028759387.0,254357856.0
11560710,1596437066.0,457554419.0,146042028.0,38063819247.0,149469605.0,148104630.0,1898171790.0,29525438720.0,5420684064.0,9367164716.0,1.0
11560720,5952177144.0,8578029207.0,1.0,102964726565.0,16424683668.0,134859074.0,7741547552.0,57704775471.0,483350529934.0,19596216222.0,1.0
11590510,4019955065.0,50564400494.0,57082729.0,2123712166041.0,53991404982.0,999509952.0,9342133284.0,92037570109.0,18816257273.0,12267396633.0,1.0
11590520,71631738.0,216284946.0,7082723.0,10467144952.0,1.0,115020694.0,639327649.0,9380958577.0,7237452199.0,814003190.0,1.0
11590530,39864713638.0,12758622286.0,104247181.0,47413089171.0,2190494421.0,208473971.0,9144805087.0,49051930403.0,33586391401.0,2424418634.0,108061752.0
11590540,1459547792.0,4056552334.0,21500589.0,29961733307.0,46270444.0,204276127.0,2363081282.0,22577797423.0,18534126682.0,4312120215.0,1.0
11590550,1264797970.0,1027415599.0,1.0,42811250511.0,1.0,1.0,3565867803.0,17559578647.0,21866938972.0,4982517113.0,1.0
11590560,1060674025.0,2518974079.0,1.0,15873503451.0,1.0,1.0,976469247.0,13451364705.0,10415297831.0,2390713588.0,1.0
11590605,133744732.0,2361679291.0,1.0,19942702981.0,439694105.0,34061538.0,2886707055.0,24549938597.0,7663735957.0,1757228240.0,1.0
11590620,3758447541.0,2859377580.0,276611522.0,36894637318.0,431225715.0,1.0,4979793531.0,58609316862.0,18603223957.0,4123774901.0,189742373.0
11590630,6816633966.0,2791704223.0,869813099.0,65279322674.0,2210036285.0,336781834.0,21680787557.0,114398651454.0,142301073006.0,15385413626.0,2490728641.0
11590640,9818948566.0,2234328053.0,1.0,3636297258.0,372147605.0,61535649.0,563671166.0,2651984854.0,2343150543.0,471709023.0,1.0
11590650,6829676452.0,4080143199.0,1.0,28744582659.0,329842063.0,2247959.0,3630823159.0,16779107243.0,45056494169.0,2648279324.0,1.0
11590651,864237772.0,695809001.0,1.0,3620032482.0,185358765.0,1.0,192927512.0,818962323.0,1.0,1.0,1.0
11590660,3725699698.0,32681759613.0,201303660.0,47363216404.0,11914521425.0,583209182.0,10416623155.0,65182540521.0,63357198848.0,5657836287.0,1.0
11590670,100406542.0,543564338.0,5528696.0,10438337415.0,159454077.0,108628601.0,3159229471.0,14307988891.0,20663368047.0,1690937855.0,1.0
11590680,662977619.0,2879969555.0,1.0,23717231338.0,737603436.0,1.0,5437151091.0,64662381690.0,33330491087.0,1381170051.0,1.0
11620525,663568797.0,2450573386.0,111556646.0,41561424269.0,75132905.0,1.0,3690990870.0,11579222958.0,16540921570.0,1133090193.0,1.0
11620545,1.0,1.0,1.0,1.0,1.0,1.0,7707318.0,71301345.0,1.0,1.0,1.0
11620565,523005730.0,5805243203.0,1.0,21718958981.0,1.0,1.0,357536392.0,896812651.0,1986176429.0,602740.0,1.0
11620575,2158002766.0,1616422804.0,47672974.0,20106556369.0,798068195.0,1.0,3517653532.0,14296538567.0,18403381561.0,2660407180.0,3331213572.0
11620585,661236087.0,454386615.0,1.0,13376376539.0,1.0,1.0,1572463742.0,39132511868.0,5479578277.0,1.0,1.0
11620595,12220490638.0,8319872138.0,129887857.0,69289267014.0,867697032.0,7070295008.0,30701337346.0,119172450735.0,100998071171.0,193411320947.0,21030507.0
11620605,647800939.0,1.0,15046432.0,15227279922.0,1.0,1.0,1433874915.0,8546341685.0,4323460338.0,583362004.0,14803611.0
11620615,781372116.0,3297858319.0,916150025.0,30144181684.0,1.0,1.0,2448086053.0,21839643057.0,21943201504.0,5476724018.0,1.0
11620625,357325816.0,1624401283.0,109222664.0,45909107145.0,174997688.0,1.0,2138884986.0,17518310330.0,17143917205.0,1982602630.0,1.0
11620630,1.0,1411591993.0,1.0,28900305297.0,128018891.0,1.0,3156821254.0,12370397121.0,14069891672.0,453877623.0,1.0
11620645,1263522009.0,1249390580.0,1.0,17633599392.0,1.0,422012289.0,8023075166.0,61714956182.0,8873663728.0,11687669234.0,1.0
11620655,2388807502.0,1549894106.0,801357048.0,38620935698.0,247887940.0,1.0,2929591747.0,14885951391.0,6334036217.0,2773398730.0,1.0
11620665,837212486.0,1314334539.0,890393290.0,20309825484.0,226683274.0,1.0,1868100824.0,13726291419.0,8140066956.0,897305104.0,1.0
11620685,1471516004.0,3842173482.0,66795756.0,40093603370.0,1456605615.0,169390962.0,6376185152.0,23292038177.0,29943436603.0,2449756575.0,3730674167.0
11620695,28687423377.0,7672674604.0,276934422.0,71555925600.0,487173774.0,8009693384.0,19540980501.0,93458200746.0,59457557624.0,33856521975.0,161571694.0
11620715,1.0,210430108.0,619539.0,6887765051.0,1.0,1.0,76621106.0,1119521319.0,2798586759.0,1.0,1.0
11620725,466623772.0,1699891538.0,276192549.0,30486751691.0,177005034.0,148409082.0,3206982955.0,21471693256.0,19562960942.0,4367357330.0,47020833.0
11620735,285966461.0,10744923407.0,2687361.0,33945150448.0,3850067785.0,104165453.0,11652583036.0,45976252016.0,21005938334.0,1765564536.0,1.0
11620745,994000709.0,2483442375.0,1.0,37932658535.0,357786855.0,1.0,324016838.0,4235013064.0,5731001610.0,5650323553.0,1.0
11620765,3951246308.0,4927287625.0,181562208.0,29334243053.0,229688317.0,1.0,5932792016.0,16121138612.0,19294608806.0,11325597473.0,1.0
11620775,751905879.0,3141223912.0,1.0,20889373405.0,755925822.0,1.0,7713490341.0,15975097778.0,32884922546.0,5190367101.0,1.0
11650510,202801709231.0,23534392755.0,96600297.0,85378978388.0,28956921835.0,986603924.0,38377314299.0,252674219832.0,170737574598.0,75682017609.0,8364993553.0
11650520,33490641839.0,46949311842.0,16475500.0,125861204095.0,60628405514.0,2882319374.0,59750054158.0,470126972120.0,766939484659.0,203142857042.0,311053270.0
11650530,16440885253.0,23303258306.0,112919611.0,75432536065.0,9368854246.0,4289359600.0,41594337265.0,173907761847.0,86681683384.0,41482328035.0,137752670.0
11650540,25580759351.0,18683988317.0,262795293.0,33519937082.0,3740008258.0,1619757996.0,12117566091.0,110379654287.0,267777665799.0,47765278084.0,1614203740.0
11650550,477277763.0,5630759260.0,1.0,2553680563.0,307972804.0,1.0,630563524.0,2985726533.0,1032495213.0,4299798647.0,1.0
11650560,195199743.0,211968368.0,43907750.0,11178803088.0,81837375.0,66198743.0,3020833898.0,12153803248.0,14642763613.0,1179589169.0,5970893.0
11650581,91973485045.0,129827554425.0,54486834.0,125907489057.0,10127569434.0,293547672.0,26458507367.0,225633465478.0,116317192938.0,150251390618.0,491215992.0
11650590,43254485251.0,10963104357.0,1.0,18069745306.0,282495878.0,1527420811.0,11974067456.0,52868208066.0,12669427790.0,5528615278.0,65134265.0
11650600,2951186943.0,20741500633.0,1.0,62048999806.0,7359492336.0,65137536.0,18794155406.0,50487163911.0,65318372264.0,4863254963.0,4296761333.0
11650610,10664585286.0,5587747912.0,292928723.0,27417314286.0,2502120593.0,2578767587.0,9029059294.0,108409862818.0,22219658366.0,14957183378.0,3000000.0
11650620,112070299.0,3158303122.0,1.0,8138222608.0,853365058.0,1.0,521636881.0,5652131908.0,54826625989.0,302706849.0,1.0
11650621,6212143073.0,14911699943.0,1.0,80154297585.0,6195021396.0,108709770.0,7671393028.0,54294192675.0,29313419301.0,12371216979.0,176792452.0
11650651,88055578371.0,4091829425.0,1047436502.0,40934319479.0,18108554814.0,210070985.0,12395226985.0,88073607546.0,60824948282.0,19026819497.0,2467339632.0
11650652,80032171267.0,5292280248.0,111101251.0,201037215851.0,40930409975.0,82754260.0,18896858390.0,143310130985.0,92887746898.0,49215717054.0,948671682.0
11650660,3499098787.0,1.0,1.0,584772990.0,1.0,1.0,3470965963.0,5959781097.0,903429149.0,1.0,5601867.0
11680510,4277357246.0,96846056499.0,3029726418.0,34239313090.0,7786341255.0,794812954.0,49374895575.0,213574857182.0,386012747062.0,220162701437.0,4806784382.0
11680521,236909390895.0,16651822048.0,313742852.0,241480969006.0,19334287101.0,1077838195.0,88237680249.0,328790969248.0,390081485543.0,110468943460.0,2486869240.0
11680531,46666069497.0,9586437214.0,422289545.0,74412984879.0,19278304873.0,1722068299.0,58381615839.0,166035547407.0,103280767971.0,38137041412.0,87878270.0
11680545,29907425907.0,43505413685.0,191852361.0,84131065888.0,9200780669.0,1679623485.0,128540985035.0,401698107726.0,295276650311.0,634437255199.0,20542341173.0
11680565,61906208410.0,21553748521.0,579382644.0,84971095470.0,17275421236.0,1.0,74758650773.0,144049537475.0,127598103071.0,301711306769.0,312682329.0
11680580,136172013421.0,1921518018.0,8124547.0,82403769041.0,13596323207.0,144701295.0,56388792593.0,194506563052.0,42612593650.0,427194929980.0,52887308.0
11680590,43346062318.0,47650505770.0,1817342081.0,146482874392.0,13283118262.0,4982430905.0,37339772756.0,464186503568.0,180556937748.0,153144566419.0,68208724735.0
11680600,19554109214.0,68995428318.0,1.0,25701008669.0,860521900.0,1.0,8964576025.0,34492197002.0,49443667389.0,2985398902.0,1.0
11680610,6046888577.0,34729045312.0,1.0,38508154547.0,19558123373.0,7507002.0,24218754979.0,176919166053.0,135967407495.0,413364365836.0,17045258.0
11680630,22452863563.0,476385532369.0,1210286669.0,74107024513.0,15506533169.0,666778289.0,25699378802.0,123083095489.0,229502678085.0,71512660492.0,95462564.0
11680640,62463815434.0,22542251191.0,530273072.0,248073842019.0,29449563898.0,10896991719.0,96848623921.0,507434319907.0,238710656817.0,94369873317.0,2724263874.0
11680650,6341968170.0,5725981300.0,212719472.0,40243332413.0,3939204414.0,9176030.0,6780913018.0,19179741162.0,27012531253.0,12028855204.0,174964186.0
11680655,1.0,209622336.0,1.0,5867960390.0,1.0,1.0,636798971.0,2221689383.0,17228188085.0,151728351.0,1.0
11680656,1659461017.0,401555235.0,1.0,11641752335.0,1506792373.0,1.0,3109580524.0,63444661815.0,69246657721.0,6486295697.0,8499310.0
11680660,1.0,1.0,1.0,1.0,1.0,1.0,7392885.0,1.0,1.0,1.0,1.0
11680670,739516981.0,19332708514.0,1.0,21728635807.0,1396370871.0,1.0,2957277540.0,29595741141.0,20754908096.0,4468467743.0,199241155.0
11680690,9647690343.0,4910186423.0,1.0,28615717942.0,343762878.0,1.0,6002432222.0,23194941417.0,34867558715.0,8964620115.0,5524493683.0
11680700,169522829.0,5511998395.0,1.0,38798985992.0,77528328.0,1.0,3096339995.0,19798027709.0,15410689238.0,142507173.0,1.0
11680730,3089155641.0,3433127623.0,1.0,17701282184.0,515302489.0,1.0,4927480882.0,32562500850.0,26783632517.0,2412481174.0,1.0
11680750,3230710127.0,760907994.0,1.0,53407834229.0,4002872517.0,1.0,7816783495.0,42241332267.0,37396771604.0,19455175502.0,1269949.0
11710510,1024258991.0,763635369.0,95233502.0,14535560781.0,2743377934.0,1.0,1567722185.0,7114538501.0,11015619509.0,799585221.0,1.0
11710531,769698665.0,318119656.0,1.0,25092089792.0,1.0,249871956.0,1977057614.0,7985727254.0,5018195820.0,763046612.0,1.0
11710532,1086406171.0,3326884832.0,1.0,14228251062.0,288629620.0,1.0,3060924913.0,21564421308.0,39850673751.0,3864576403.0,1.0
11710540,1723894203.0,1373008462.0,67576946.0,31441105333.0,57352989.0,79125891.0,1462647458.0,10429506339.0,120567942130.0,2905572236.0,1.0
11710550,5086012737.0,498539461.0,1.0,46810692872.0,568338336.0,1.0,8532118818.0,16238717412.0,18799046082.0,7894997758.0,1.0
11710561,378162035.0,61478329689.0,1.0,34170053883.0,9118479526.0,242433692.0,7117492437.0,56633779467.0,37133935683.0,5525548476.0,72671674.0
11710562,31897713180.0,20271358057.0,611688366.0,93396120505.0,5401336817.0,16321158627.0,52593669164.0,185155540315.0,75306371951.0,36985717810.0,3987970127.0
11710566,10239262401.0,485241397.0,1.0,71082437783.0,4329488889.0,16179885241.0,23785051814.0,189128986658.0,49870480763.0,244911268071.0,15021743.0
11710570,1850721204.0,21782432312.0,203117568.0,91588932567.0,73435863.0,1.0,6621291072.0,40178752004.0,18074897456.0,3697881578.0,2309484334.0
11710580,17068018476.0,8469614667.0,230428167.0,32037448730.0,2918425353.0,105807834.0,15221432108.0,82824479410.0,58874000873.0,20495507231.0,14018066.0
11710590,151042374.0,1588519334.0,1.0,3371377915.0,1.0,1.0,4679600114.0,1073680711.0,1668110575.0,154437218.0,1.0
11710600,26083815666.0,17998825835.0,329769938.0,70718488550.0,6312826962.0,845434525.0,10888868901.0,64366106420.0,43429702839.0,26093898297.0,1.0
11710610,35707916100.0,19678405443.0,186433028.0,86279700758.0,2882683866.0,617499810.0,19207266673.0,51495602673.0,62263316534.0,1958348124.0,205281939.0
11710620,45778658287.0,5490612709.0,242742875.0,110899564013.0,4632708409.0,885304400.0,23555839750.0,112192301101.0,48744782838.0,16516700420.0,16592920.0
11710631,1.0,1.0,1.0,1203306480684.0,1.0,1.0,1.0,42381679026.0,4358232501.0,759670622.0,1.0
11710632,10207363422.0,8394356961.0,1.0,73503523847.0,1605388473.0,1.0,9835434522.0,26055243604.0,45721971416.0,999700129.0,1.0
11710641,2817194312.0,3742814101.0,437695865.0,54198025612.0,91342531.0,1.0,17785865619.0,33128538553.0,44477091915.0,78033453760.0,120000000.0
11710642,67185099013.0,5771808563.0,91599797.0,91805757422.0,17624396076.0,1.0,21540721763.0,119578104089.0,86795060340.0,43436163150.0,31723462235.0
11710646,2323831867.0,1369296499.0,48422354.0,17998458709.0,417410123.0,1.0,4215504599.0,14086982465.0,12108672337.0,679622181.0,988669462.0
11710647,1.0,195960000.0,1.0,2189259869.0,1.0,1.0,64770504.0,704371248.0,1.0,1.0,1.0
11710650,15053299922.0,67387910382.0,821076619.0,168745576016.0,5793499166.0,4803503458.0,56240549223.0,187988063796.0,172829197126.0,29715181349.0,1170552914.0
11710690,1.0,950479111.0,1.0,155034489.0,1.0,1.0,1103825178.0,978558049.0,2448572742.0,635636040.0,1.0
11710710,655331454.0,7686611255.0,1.0,35755876554.0,5570172469.0,1.0,19518468450.0,118280440276.0,68162556130.0,274955519757.0,33778237.0
11740515,3702454.0,5076304612.0,1.0,2769918106.0,321684447.0,1.0,2158634157.0,6429893846.0,5771549197.0,1010396824.0,1.0
11740520,18849905.0,2347498956.0,1.0,8949397809.0,462834417.0,1.0,10451983715.0,22260619502.0,30075077052.0,593576264.0,15737926.0
11740530,1470117042.0,12027064780.0,674254218.0,43304698312.0,1736659689.0,620865301.0,9283079319.0,47500702395.0,64124026980.0,16420320099.0,1.0
11740540,209808375.0,53254861178.0,1.0,23823501314.0,10729110192.0,1.0,9409448915.0,61867106061.0,44813717398.0,8928818575.0,1.0
11740550,97835124.0,3646352477.0,1.0,16797931564.0,109960090.0,1.0,696690198.0,7410135375.0,6868349103.0,159780126.0,1.0
11740560,19593104.0,1846143599.0,1.0,24861903807.0,65806707.0,1.0,3434954394.0,16297640148.0,46788352617.0,880360091.0,1.0
11740570,1541427398.0,1037386152.0,4135581615.0,59258662776.0,215971649.0,273063990.0,3726873459.0,23370342052.0,7941726909.0,4758146794.0,1.0
11740580,141416575.0,3552045564.0,668455982.0,8733613577.0,1.0,84000000.0,7440966363.0,37342079291.0,41798383868.0,3090122677.0,1.0
11740600,2500875849.0,13065422371.0,1.0,52614006584.0,231051149.0,1.0,4773288062.0,25130071927.0,32553618115.0,13980633530.0,1.0
11740610,36200401239.0,10416599479.0,768649488.0,106352904303.0,13068483358.0,5112170088.0,27917612598.0,130438837061.0,159177334195.0,198503946725.0,431026534.0
11740620,509801575.0,700119523.0,6825265.0,24580256171.0,92332928.0,569819584.0,1339342436.0,7866824130.0,5378203162.0,10479778822.0,1.0
11740640,24384414699.0,2377796682.0,1.0,18585835553.0,2738694304.0,1.0,39119014462.0,47641912176.0,19733594364.0,18017822678.0,56938614.0
11740650,1775136617.0,2106619221.0,1.0,27497298068.0,222126938.0,406239230.0,3711247388.0,25419560912.0,12870318135.0,13851810747.0,6504040.0
11740660,16261712329.0,20439542825.0,289146328.0,82841894959.0,2301273391.0,807965986.0,13101516550.0,69071618920.0,56083359060.0,11261026676.0,511919186.0
11740685,11799762837.0,10060337872.0,334357728.0,87635040459.0,1021161502.0,4189646447.0,11888415872.0,95565513998.0,148182021989.0,12591094872.0,1.0
11740700,1960060966.0,5459339803.0,1643030826.0,14431562879.0,920105319.0,52339582.0,25272600863.0,20667046819.0,22189215008.0,6933001284.0,1.0
