행정동_코드,가구 및 가전제품,교육,기타,생필품,서적 및 문구,숙박,여가,음식점,의료,의류 및 패션,전자상거래업
11110515,400108014.0,18135426.0,1.0,23038367792.0,16236458725.0,102679694.0,1154806387.0,18089079791.0,1028654896.0,1595774132.0,1.0
11110530,6039406450.0,4605952187.0,1.0,48973385608.0,11542049268.0,364640856.0,8558819264.0,250626215426.0,41235157797.0,11343976501.0,12000000.0
11110540,8318608.0,1.0,1.0,1670656726.0,156910864.0,1.0,47149960.0,33142531640.0,133558167.0,17839992292.0,1.0
11110550,73942280.0,3285354038.0,1.0,6268321309.0,43472483.0,70707106.0,1152636832.0,15415135656.0,772124158.0,946283447.0,1.0
11110560,1134588411.0,4058918161.0,3665393.0,18056645350.0,337735294.0,251065854.0,737596209.0,19043446759.0,5533500878.0,1077368499.0,1.0
11110570,1657729299.0,1602744385.0,1.0,10962466791.0,1.0,1.0,653245422.0,5563973021.0,14867442159.0,978494850.0,1.0
11110580,3644318441.0,2627433362.0,1.0,9195794440.0,469343101.0,338900161.0,1296663349.0,45999832202.0,23749033297.0,479300678.0,1000000.0
11110600,539982106.0,603367065.0,1.0,14778497068.0,584144868.0,1.0,397472961.0,66189563281.0,4806050550.0,12193287859.0,1.0
11110615,384632379831.0,33604114555.0,6672930990.0,169976200286.0,274134169882.0,14695747830.0,57897354078.0,727467702734.0,305317861185.0,802325347333.0,44692664483.0
11110630,92554206021.0,1.0,38946850.0,33493046916.0,10732951809.0,875976684.0,33041574201.0,61419966007.0,120673847948.0,32603015250.0,1610622326.0
11110640,474519010.0,520707229.0,1.0,20048018213.0,8704114005.0,79788782.0,805532590.0,29976457318.0,5229652813.0,351644662.0,1.0
11110650,4183694478.0,5738446848.0,1.0,32791514022.0,3755977954.0,384913016.0,8920857796.0,142708371911.0,26030860528.0,29591485481.0,1.0
11110670,4534934965.0,195273381.0,6633984140.0,23037439058.0,141648501631.0,2292615621.0,4593721128.0,36177584116.0,38353777789.0,65592242939.0,180413410.0
11110680,102854298.0,379528127.0,13426196.0,18562886405.0,1.0,1621245.0,463750935.0,13223061670.0,3865653361.0,699727939.0,1.0
11110690,1.0,249357198.0,1.0,630859884.0,1.0,1.0,145099084.0,1840812147.0,1.0,140491783.0,1.0
11110700,92079449.0,395663551.0,1.0,5188345046.0,1.0,1.0,229637457.0,2025216386.0,4005275253.0,221131336.0,1.0
11110710,4305670701.0,291647059.0,1.0,14885101758.0,2067924153.0,177732008.0,1311644006.0,13657249244.0,1535535293.0,8067631597.0,1.0
11140520,30717535264.0,8910108042.0,1501490447.0,288398555876.0,23805089896.0,10512879293.0,35549322323.0,660427391970.0,291348548840.0,587383510791.0,1038165687.0
11140540,27833304772.0,1.0,1367490447.0,165112238287.0,10408339386.0,2229751692.0,13917525524.0,120949487535.0,136921901721.0,250938206460.0,119375701.0
11140550,6298913065.0,2984935493.0,146371543.0,98697823738.0,8349093423.0,2070211519.0,23600600715.0,346417172902.0,135283636933.0,206827659813.0,918789986.0
11140570,22931265672.0,2651953186.0,1875206012.0,19474176107.0,28280964155.0,984629948.0,3675843465.0,81115374187.0,14927466775.0,1996087339.0,1.0
11140580,1650223221.0,94748547.0,294786217.0,16780038046.0,3527537292.0,115765742.0,2587430991.0,33028367083.0,2835245107.0,13838553874.0,1.0
11140590,148545545978.0,209873762.0,1.0,283794394499.0,20737806512.0,3589008162.0,238592806064.0,190860022693.0,58193577162.0,839962874957.0,298486958425.0
11140605,631583615741.0,48511533.0,1.0,114101532351.0,74585669427.0,1438954673.0,4445977232.0,149206358959.0,18873543799.0,35096604711.0,1136253255.0
11140615,4513114876.0,225823967.0,1.0,42533354883.0,277340644.0,404656371.0,10766971028.0,68686825114.0,11851604929.0,126861775073.0,625234771.0
11140625,3200856508.0,3955842676.0,1.0,20522175307.0,9892166535.0,714274848.0,7994213022.0,59600512285.0,83685116131.0,6613073081.0,6041267774.0
11140635,1426331583.0,621811075.0,1.0,16772479998.0,1.0,269217390.0,1301907591.0,9229574428.0,8569805151.0,5612667706.0,1.0
11140645,988833222.0,1156430745.0,1.0,4300497693.0,1.0,1.0,1114626456.0,7460417986.0,1687634185.0,30525155966.0,185927395.0
11140650,3650370920.0,486447653.0,104000000.0,27890163553.0,36066747.0,29101722.0,3357619825.0,19819509476.0,22893240157.0,17432525552.0,1.0
11140665,211557123.0,332963731.0,78385279.0,2752017890.0,1.0,59832321.0,3325608417.0,8348883630.0,18807814350.0,12326187012.0,1.0
11140670,66900710830.0,740383526.0,1.0,70019450570.0,533042191.0,539966093.0,572140805.0,21562910719.0,7584077195.0,7550689440.0,1.0
11140680,14206178504.0,130478645.0,1.0,17166760986.0,3706571499.0,95846581.0,1301288298.0,27462520225.0,36400514947.0,5838375765.0,1.0
11170510,750156249.0,847268318.0,1.0,47070821143.0,57573649.0,99225694.0,4667351735.0,33771980439.0,12720905402.0,2079211491.0,1.0
11170520,228173824.0,6465259556.0,1.0,11449284357.0,1.0,1.0,562886493.0,15880924249.0,460233707.0,581174211.0,1.0
11170530,1028985610.0,950414534.0,1.0,22197061260.0,909156668.0,2368709373.0,7119674063.0,84631881800.0,32254284865.0,11259017366.0,12961587.0
11170555,779324495.0,52182373.0,1.0,37816337438.0,1456519172.0,112828757.0,7984500175.0,50213727639.0,12165189127.0,5454007375.0,2611401.0
11170560,178550206025.0,335618484.0,1.0,6088563496.0,5359059735.0,1.0,431130592.0,22022633164.0,16471079382.0,258204992.0,55006096.0
11170570,4942097419103.0,757121140.0,1.0,30872210084.0,45527211934.0,1.0,3171006505.0,34488529265.0,26172231754.0,253123970.0,17145025554.0
11170580,235556297.0,1411140916.0,1.0,10146565414.0,1589395278.0,1.0,440116289.0,8517544098.0,4266728620.0,9449104446.0,1.0
11170590,4191793208.0,323815125.0,98371341.0,62834231881.0,3469160743.0,122140481.0,1964556208.0,27035187077.0,15589921249.0,4476236804.0,165318295.0
11170625,193205976063.0,373625878.0,98888371.0,60450119505.0,57548619456.0,1459556218.0,10853743098.0,152916568607.0,17491531256.0,24649220533.0,233943794.0
11170630,4557049216.0,6290666515.0,1.0,53422068496.0,1.0,1.0,5692867596.0,36029503689.0,16354982927.0,5833231851.0,1.0
11170640,629399638.0,815266331.0,1.0,6396872193.0,1.0,1.0,144141906.0,1276435137.0,983756036.0,1.0,1.0
11170650,2850678864.0,1402806708.0,98340826.0,122768955119.0,8534763043.0,1700706265.0,23707303704.0,269904482121.0,39011151717.0,168673164773.0,3340671074.0
11170660,691415819.0,46448862.0,393240385.0,15968172110.0,74556535.0,77005291.0,2276476156.0,37036420383.0,9274404324.0,2132433122.0,6000000.0
11170685,5878849202.0,4365452177.0,1.0,22022257241.0,2107881358.0,1.0,49877291586.0,123050422930.0,24384371857.0,14286815739.0,3005145137.0
11170690,1.0,418951491.0,1.0,11031245008.0,1.0,64239713.0,4017173204.0,6510583895.0,252744344.0,30647541.0,1370890085.0
11170700,591271559.0,314537305.0,125360416.0,13394132629.0,1.0,697768.0,1646490305.0,12836917791.0,10352220004.0,350731193.0,333423874.0
11200520,1306607366.0,181313747.0,46652816.0,7647678020.0,10310869.0,25365713.0,1911649847.0,8440210411.0,7869953937.0,2260926941.0,1.0
11200535,779608262.0,247451471.0,267839907.0,25602247418.0,82581793.0,1938176904.0,3753224020.0,42435524155.0,7914223033.0,4794048423.0,390592727.0
11200540,540603533.0,1295140799.0,70460146.0,24806680396.0,69934503.0,79310922.0,3102655136.0,49470699324.0,15113020918.0,926536530.0,74409017.0
11200550,10389374.0,374148641.0,1.0,10977371830.0,569338179.0,15769293.0,14046825281.0,48907453728.0,2521379794.0,1615008201.0,1.0
11200560,8079339858.0,4860150334.0,1010869897.0,38520277296.0,13777773473.0,399682673.0,25650458450.0,96582793108.0,60155592563.0,41401017108.0,116444263.0
11200580,1.0,160675456.0,1.0,421696258.0,423649368.0,1.0,90828644.0,2033937566.0,1743111336.0,262305530.0,1.0
11200590,251652229.0,2509878962.0,1.0,10534442750.0,1.0,1.0,1556122177.0,4382982781.0,3774332477.0,5384295212.0,1.0
11200615,302557979.0,681620998.0,1.0,12263276703.0,122568931.0,102241670.0,1192300385.0,15366970850.0,8951686833.0,4327579682.0,26680218.0
11200620,1338468163.0,458832041.0,92411460.0,11908932941.0,391390268.0,62987359.0,3573033438.0,18861817894.0,21803153775.0,2910979947.0,1.0
11200645,16684453.0,3668592362.0,1.0,45764527843.0,1.0,1.0,4035706363.0,10701627253.0,1971850455.0,839571723.0,2833111892.0
11200650,2317975410.0,1852583424.0,1370722749.0,45750639493.0,3029704997.0,72275757.0,5897723208.0,17381257740.0,10417374323.0,35247089985.0,9941232047.0
11200660,18678929643.0,3474084666.0,1.0,44180637059.0,2856086845.0,156156601.0,2601367321.0,79314431609.0,37676073334.0,34244961945.0,10062394272.0
11200670,4196978547.0,485596744.0,1119971590.0,40555337480.0,3210371801.0,133643212.0,5681744396.0,49997657287.0,20309470764.0,200857012301.0,17594306235.0
11200690,27198668954.0,2969086559.0,4012388.0,87976360728.0,22407344934.0,727416520.0,17166905683.0,92645020889.0,41375414247.0,148938110548.0,23705396130.0
11200720,3266535346.0,64834216.0,1.0,8366676706.0,13534685.0,336317983.0,495817519.0,5086353889.0,4817545581.0,802104990.0,1.0
11200790,3051893113.0,436741824.0,436284798.0,21268516405.0,2051548.0,1039026800.0,4230744594.0,26893377662.0,16462687535.0,1417803743.0,1.0
11215710,3548141296.0,6618641478.0,1.0,102367367825.0,161316395.0,2898541795.0,36840775782.0,234793215200.0,67923319109.0,87032357450.0,108348309.0
11215730,57529521983.0,3258300089.0,82110033.0,41288771288.0,939103437.0,1076234719.0,9703901444.0,79619908068.0,67043842701.0,12468962823.0,5695393833.0
11215740,1918905619.0,93498940.0,9693319.0,31306245166.0,1.0,2868628.0,7593999777.0,13305794009.0,10900675842.0,4603705116.0,1.0
11215750,31938119.0,4576662881.0,1.0,20287364812.0,1946788494.0,134884004.0,1810674776.0,14025417373.0,9682933120.0,2927673935.0,1.0
11215760,1531679840.0,567560896.0,2000000.0,14619765571.0,38574530.0,220183341.0,4987083255.0,16006196703.0,16336730350.0,1375270152.0,1.0
11215770,5084111098.0,1414700749.0,212027624.0,28984141554.0,426327017.0,1.0,4404788773.0,15642818027.0,9803153182.0,5307655727.0,1229694781.0
11215780,22707538365.0,3092434055.0,373837646.0,25671925097.0,638033576.0,1158344303.0,4048808928.0,38119356676.0,37446209872.0,10935619645.0,1627960613.0
11215810,1159016140.0,113965089.0,1.0,11114745883.0,1.0,175217975.0,4737372359.0,23058252667.0,2895762342.0,10750033779.0,250657005.0
11215820,2451073598.0,3248660225.0,995160532.0,50512351613.0,961990998.0,137461012.0,4054146463.0,27754591576.0,20678086303.0,12805059328.0,45772043.0
11215830,3568120840.0,4004350281.0,1.0,22041113545.0,396340426.0,1.0,5196025786.0,23199058746.0,16043352812.0,1719906666.0,519175166.0
11215840,789465886.0,2700811611.0,135412464.0,10858997695.0,44593397.0,57260478.0,1578993125.0,11636787201.0,3185552858.0,982087300.0,1.0
11215847,2520360356.0,1216803732.0,1.0,30969104129.0,269890101.0,1396521566.0,5946107284.0,26740391747.0,16505471468.0,4054422074.0,31319423.0
11215850,31519402324.0,4823943618.0,3043335368.0,82245559124.0,2141728250.0,652182187.0,14493562986.0,91328919653.0,50672934494.0,7651014608.0,3171801939.0
11215860,10433405.0,232609603.0,1.0,7721450497.0,322319395.0,507686462.0,367000921.0,990076761.0,779105776.0,57953814.0,1.0
11215870,344165045636.0,34315693166.0,61380271.0,62410839947.0,8811601302.0,586590734.0,10554692121.0,69878300833.0,56539929142.0,29389000624.0,7742387107.0
11230536,7207726500.0,33534927526.0,84609052.0,109316498136.0,10630988872.0,1075582580.0,10954644784.0,111879169251.0,56532551054.0,18046536158.0,7130308269.0
11230545,18010393410.0,723913402.0,1531300527.0,1780765697175.0,17961854390.0,472197157.0,3945043062.0,54927519807.0,92472148582.0,2792211054.0,10702033263.0
11230560,1382545595.0,951224735.0,76652326.0,44910997649.0,1513754178.0,1329175420.0,9844950821.0,42706006734.0,61244798318.0,16471869376.0,163577377.0
11230570,437384998.0,84090909.0,1.0,888575765.0,1462515957.0,1.0,798531915.0,3993636078.0,8707798802.0,392245771.0,1.0
11230600,31407239283.0,4248013801.0,142086399.0,30661641983.0,454753208.0,118085293.0,3533166128.0,20753085358.0,8475436968.0,1487530887.0,37631518590.0
11230610,489755833.0,6313610139.0,1.0,34123954985.0,16554884.0,1.0,2838610595.0,20764739212.0,17097610566.0,1431229786.0,1.0
11230650,1499062421.0,4659323698.0,149770821.0,170611397731.0,1580580755.0,2614111712.0,10169245434.0,79983661617.0,144309400989.0,39020868826.0,4078953253.0
11230660,78290304901.0,24860218593.0,927474160.0,100024948107.0,1929514276.0,4430081116.0,13747297843.0,92615087882.0,56897563039.0,20774790057.0,4411840390.0
11230705,388727306.0,56687233.0,1.0,6177060905.0,1.0,82513739.0,258548812.0,4357296463.0,1.0,134776548.0,1.0
11230710,3216331100.0,2662646025.0,1.0,23958642742.0,1277171064.0,160724072.0,5413504301.0,63498930694.0,22916277162.0,6185330040.0,1.0
11230720,2558944575.0,82931839.0,1.0,18253411306.0,1.0,1132094738.0,3904151734.0,28806598821.0,8853859361.0,1717939179.0,230574506.0
11230730,145570341.0,1557936.0,8056238.0,12027062335.0,1.0,1.0,1500355903.0,7177776677.0,27783245494.0,1067174030.0,1.0
11230740,1199964669.0,897986285.0,17709815.0,24092534967.0,909078147.0,1.0,3314883264.0,23695827392.0,7421885802.0,1902123214.0,383903534.0
11230750,1.0,1.0,1.0,1307025256.0,1.0,1.0,208897814.0,715820924.0,534216338.0,35355097.0,1.0
11260520,3018448296.0,1425173865.0,2694107784.0,55433534461.0,24863275999.0,210576024.0,6619106621.0,42468915925.0,37050432417.0,9229920248.0,1.0
11260540,12175180.0,1574812361.0,1.0,6112996672.0,1.0,1.0,607063347.0,5019515325.0,1397723603.0,42840514.0,1.0
11260550,8073056671.0,59208827.0,1.0,10705988574.0,363536035.0,304384070.0,1267495616.0,6358382372.0,1387419137.0,509316250.0,18268389.0
11260565,3274240093.0,1187023010.0,661480739.0,84172474039.0,154064672.0,57175857.0,6771945787.0,59950781813.0,38332939787.0,9605897895.0,107386.0
11260570,1542688877.0,1916996217.0,1807902617.0,51339424243.0,3214425610.0,1.0,3671249843.0,15965823144.0,13868868000.0,4156530916.0,322000000.0
11260575,1307723784.0,2597367254.0,56854720.0,27728990513.0,995538183.0,570082826.0,10651635229.0,56168542642.0,67190555790.0,12404412390.0,1.0
11260580,18374335589.0,2521845234.0,1.0,10222902365.0,1.0,29412766.0,4040563933.0,17094334834.0,16212787571.0,549159718.0,1.0
11260590,9305817281.0,1083678376.0,132212596.0,62656141732.0,45131274802.0,3315685254.0,12567498414.0,97420151741.0,36822464505.0,17466707598.0,204887625.0
11260600,7235000387.0,2163264703.0,360187833.0,11385710345.0,83042498.0,58786188.0,2138875991.0,9015102496.0,10076060675.0,3995519346.0,1656173655.0
11260610,3301905480.0,83199183.0,302395194.0,57142511744.0,656646707.0,160108205.0,11383903110.0,33564039369.0,17172146500.0,4501923035.0,276704885.0
11260620,3441632763.0,1502986474.0,1.0,21066252854.0,149005561.0,1.0,4069757714.0,16552730952.0,6700275362.0,4428314040.0,1.0
11260630,2840574402.0,672757389.0,1.0,24500849582.0,29259179.0,1.0,3908090757.0,10205137963.0,4274050431.0,6324253372.0,1.0
11260655,1979288627.0,1370011238.0,653552280.0,51375092528.0,248759110.0,393592907.0,5044776725.0,41944551698.0,21221433908.0,6179203039.0,1928484210.0
11260660,1779632702.0,53232574.0,109761741.0,6504322405.0,1.0,1.0,465811647.0,4296296984.0,873135643.0,371863489.0,1.0
11260680,3354815824.0,4052487000.0,73554020.0,8844357319.0,3428937825.0,112435505.0,11825123321.0,32299493657.0,22466283077.0,17144509297.0,457808514.0
11260690,1.0,3837470761.0,1.0,269814136.0,1415832036.0,1.0,7277348234.0,1602368652.0,13019221945.0,1334167516.0,5912498.0
11290525,5943328385.0,1351036944.0,1.0,17952355600.0,53913637.0,1.0,1796358433.0,20136507335.0,8457131584.0,2497335236.0,1.0
11290555,20357955572.0,10059810244.0,567325246.0,53302783340.0,10802759483.0,830423899.0,4856270266.0,53987710954.0,51486080815.0,14925479262.0,771235735.0
11290575,7188104644.0,12364437475.0,1.0,35254892832.0,1985281574.0,1843624380.0,19603836997.0,106260212059.0,31138960468.0,25454703415.0,1.0
11290600,2707344241.0,901127957.0,1.0,35538559218.0,2158520867.0,191351773.0,12832779515.0,78630973566.0,25577481821.0,9391094574.0,1.0
11290610,3747204.0,213427137.0,1.0,1785092711.0,1.0,150934985.0,787743273.0,3673557090.0,3716598806.0,113230501.0,1.0
11290620,359642135.0,3937563586.0,1.0,11863827490.0,1.0,27893360.0,3204570324.0,7078104539.0,12031320484.0,330472145.0,1.0
11290630,5108807192.0,6615514470.0,1.0,6579277461.0,1.0,1.0,1314214317.0,8613034719.0,13057848686.0,1109935632.0,1.0
11290640,317851771.0,366558009.0,1.0,26243498772.0,64240458.0,67206050.0,3964892949.0,17701854730.0,18518120243.0,2379229423.0,1.0
11290650,413064879.0,1309067073.0,3622543.0,14420306533.0,161367948.0,51160614.0,1916268364.0,11817418292.0,17847152265.0,526429412.0,1.0
11290660,875038150.0,5539581882.0,1.0,5144358841.0,119683859.0,64126001.0,2038686386.0,5120963862.0,7861295041.0,1117521683.0,140502672.0
11290685,71340992.0,5322907742.0,1.0,9864290412.0,789153288.0,1.0,1475901794.0,4190521519.0,2874223875.0,1.0,1.0
11290705,2628865748.0,5007507182.0,48170740.0,30979151848.0,3886095029.0,518331463.0,5257494597.0,35447356173.0,27387229711.0,3488027387.0,1.0
11290715,4218942637.0,931066733.0,86890948.0,19319133084.0,413573191.0,7307143.0,6006152559.0,19361377639.0,35297432898.0,10404378916.0,1.0
11290725,2603345670.0,353815664.0,179721626.0,11798810168.0,5521676569.0,87274770.0,3723025646.0,28401851407.0,17377140517.0,5644583799.0,1.0
11290760,29331447.0,402304932.0,1.0,9628253608.0,47535125.0,61000506.0,855576984.0,9567371835.0,5855021089.0,399188149.0,1.0
11290770,3318838432.0,594970696.0,1.0,28423487989.0,1.0,1.0,1890774609.0,11369195600.0,7012489901.0,1912070288.0,518250808.0
11290810,4565587460.0,648914907.0,65236443.0,29756242592.0,202691026.0,351416539.0,5206909849.0,48584485173.0,22745993763.0,5995164249.0,1.0
11305534,601330424.0,1532886131.0,1.0,18476509023.0,101985299.0,355056648.0,3258877538.0,6451433047.0,31537796048.0,1358700532.0,1.0
11305535,10883946488.0,2769802385.0,370265815.0,30375088686.0,1709710354.0,752121912.0,8067758330.0,36856689011.0,46918060355.0,10863527834.0,78540801.0
11305545,1733189919.0,1212451869.0,138220448.0,53748236235.0,213237253.0,1425983979.0,7139666895.0,72608318014.0,40702088490.0,37359144050.0,1.0
11305555,9333844564.0,1713963361.0,380155891.0,37780314417.0,636299885.0,398089894.0,2745777951.0,23017610972.0,23199708314.0,5537225799.0,603000000.0
11305575,534870472.0,958930744.0,1.0,3798711191.0,1.0,1.0,643847743.0,11692602708.0,12720900094.0,2287979183.0,1.0
11305590,22385709368.0,1806943613.0,62769614.0,34790878655.0,171459615.0,242676044.0,4110551242.0,14228616053.0,3496091124.0,719178486.0,13436104.0
11305600,13614287491.0,1.0,1.0,3886247195.0,1.0,1.0,1500700378.0,1776408319.0,1899150051.0,1.0,1.0
11305606,10247502.0,1.0,1.0,1356057051.0,1.0,1.0,497055097.0,3330416266.0,704216875.0,208330686.0,1.0
11305610,7072252365.0,1070608378.0,203622470.0,91461838055.0,61630612.0,1369810214.0,2111651300.0,17596811441.0,19322654338.0,10874668929.0,320863154.0
11305620,11284684254.0,1493933455.0,76274183.0,23749158875.0,26369077.0,101739367.0,3897800354.0,17425576042.0,5924072837.0,5349243323.0,5000000.0
11305630,11442769862.0,2277556208.0,33276448.0,98013857042.0,473246625.0,8465193958.0,27432953620.0,172548162173.0,129463024782.0,58256806426.0,5381922409.0
11305645,647113055.0,1400408340.0,10390195.0,22324005245.0,411201887.0,312893115.0,1741667393.0,32669772690.0,15475464697.0,4121073047.0,291772907.0
11305660,435057849.0,1379570348.0,90784446.0,16389419889.0,1308356.0,1.0,1724184405.0,18027149388.0,5598879226.0,288335939.0,26501190.0
11320511,118820664.0,719762175.0,158698687.0,15995485990.0,915064149.0,1.0,3496244744.0,32048865235.0,36134907573.0,5827618454.0,1.0
11320512,227135317.0,1669927614.0,122203021.0,28885295194.0,59159731.0,1.0,1535790567.0,9272021712.0,10164199390.0,2490007275.0,1.0
11320513,2938948368.0,1098362864.0,1.0,24612998143.0,809673424.0,1.0,1199582336.0,17928589608.0,15098480872.0,2891613491.0,1.0
11320514,1559407085.0,7219693672.0,1.0,19075445126.0,3143006402.0,1987664583.0,13011519170.0,53316349829.0,70042398251.0,6738895162.0,1.0
11320515,3288554638.0,5196235058.0,1.0,16497997982.0,1133236384.0,178481303.0,2456097807.0,18476226903.0,14147735999.0,1173906846.0,1.0
11320521,7448854789.0,433247062.0,15933272.0,63850465079.0,1826684789.0,364010456.0,46764330755.0,45723397945.0,13710609027.0,6115013931.0,1.0
11320522,758743721.0,172488810.0,1.0,1146624204.0,1.0,1.0,3365654081.0,6190464636.0,1810687606.0,14190892.0,1.0
11320660,170745634.0,1221727159.0,1.0,29696690665.0,2111483313.0,1.0,1465220086.0,10010905307.0,10066137751.0,754310559.0,1.0
11320670,1717573215.0,3013628581.0,70256560.0,18758928486.0,81450013.0,19994597.0,4311301372.0,18899279408.0,21832491118.0,3646044967.0,4908633656.0
11320680,2446076545.0,2358231279.0,1.0,30513280273.0,28746658.0,33445356.0,2781745760.0,26587718857.0,27685447792.0,7785765480.0,34791698.0
11320681,1.0,2029026681.0,1.0,12620760282.0,1.0,1.0,1003618435.0,870275469.0,8900932666.0,1431801.0,1.0
11320690,25590832144.0,4623481330.0,289914198.0,46643072368.0,25935429.0,342192189.0,6829559203.0,39526719873.0,30663538986.0,6134477806.0,27657800.0
11320700,2713962610.0,2860998792.0,304176601.0,57965442368.0,61986265.0,16595277.0,2279395013.0,15309448928.0,44061090075.0,2458783375.0,1.0
11320710,1.0,651698621.0,1.0,8243890611.0,8882106.0,1.0,570671525.0,4918143622.0,14787023551.0,322615786.0,1.0
11350560,397463488.0,1641208425.0,1.0,15662939562.0,1602781747.0,448061156.0,5988473515.0,50244765630.0,32147535152.0,4859411529.0,1.0
11350570,1.0,1.0,1.0,1308356879.0,1.0,1.0,10055032.0,340793022.0,1.0,67415020.0,1.0
11350595,14721333703.0,2242083478.0,129852385.0,60010385298.0,2546630228.0,846891755.0,7861746093.0,69089245624.0,37116133893.0,23462624825.0,2740379566.0
11350600,1296935090.0,2831183593.0,1.0,11659050489.0,723772970.0,168985908.0,2919248416.0,28126627639.0,16035387704.0,1750002974.0,1.0
11350611,51388889.0,193645702.0,1.0,6637580509.0,9369000.0,1.0,601407194.0,5827593544.0,1848093355.0,8000000.0,1.0
11350619,22100528.0,65849407311.0,1.0,25894880615.0,8113739232.0,1.0,7602117539.0,39746911396.0,50993522172.0,5116133548.0,1.0
11350624,6832703218.0,3115529682.0,2237467338.0,22714956267.0,2063068657.0,1.0,6130691668.0,53785803648.0,23148363656.0,6749358967.0,1.0
11350625,26105621840.0,1051882919.0,1.0,23205114946.0,1233096146.0,1.0,3917109159.0,24419228488.0,40873840750.0,19478487028.0,1.0
11350630,2063316276.0,2315277388.0,261545827.0,44772660802.0,911991701.0,333487353.0,13138621672.0,60970382648.0,34536892931.0,5574961499.0,167563785.0
11350640,41570457176.0,18099648605.0,74961688.0,73109893797.0,10306257257.0,5692285700.0,38556546934.0,185430149446.0,180600993037.0,47704398561.0,25038942.0
11350665,1507254129.0,55870455.0,1.0,5674598248.0,1.0,72492923.0,279895308.0,5483592222.0,4153990017.0,909639751.0,6011299.0
11350670,531723345.0,2388078075.0,1.0,20701964198.0,394754367.0,8735044.0,2258141508.0,11100774624.0,14396105035.0,844418850.0,3005649.0
11350695,447306905.0,2660903145.0,1.0,10054414625.0,1.0,1.0,9594247010.0,11123284756.0,21409369558.0,1628125862.0,1.0
11350710,171868532.0,7633961529.0,1.0,5542959403.0,3878973807.0,1.0,2754009371.0,16958439859.0,42262853491.0,7752784086.0,284716958.0
11350720,124702462.0,1508825743.0,890971598.0,6517177130.0,1.0,1.0,880068419.0,1147034061.0,1633003804.0,874619368.0,1.0
11380510,7767993318.0,2739734498.0,1.0,45826037194.0,2899105877.0,925541203.0,5249097895.0,32036838609.0,5225401254.0,751186898.0,1.0
11380520,9029600.0,423157936.0,10736409.0,15015843546.0,5403900311.0,441229407.0,7882601700.0,27586673139.0,24972768125.0,6983306244.0,1.0
11380530,52585366599.0,5630258156.0,51975033.0,54446048196.0,11062699495.0,1844320977.0,18645220145.0,46171970795.0,86329453094.0,18600583813.0,1.0
11380551,1643017557.0,4917372542.0,89326106.0,39818845346.0,1.0,491193537.0,11080964582.0,81791046232.0,36691415262.0,13840690322.0,1.0
11380552,5506999092.0,19103316635.0,124205834.0,76633772990.0,3693718370.0,1.0,7413691330.0,32091290513.0,58238941229.0,10294163347.0,1.0
11380560,4706882364.0,2788192645.0,37029986.0,51234278327.0,434515826.0,1.0,4650301084.0,11572326536.0,5770428612.0,1996782303.0,1.0
11380570,12345271181.0,2846659555.0,161439826.0,85350286264.0,368607745.0,4301557123.0,7047046461.0,62801556612.0,58202241054.0,25972394076.0,1.0
11380580,12490863885.0,4573165265.0,38804260.0,38364033225.0,2695114180.0,2016098173.0,6999758753.0,43572867478.0,42373336523.0,5107855943.0,1.0
11380590,162780796.0,1.0,1.0,890876217.0,1.0,1.0,270122503.0,995392760.0,4228157813.0,1304423257.0,1.0
11380600,2595917154.0,3712996210.0,1.0,82034117704.0,2773633293.0,1181237093.0,7785475854.0,39150610809.0,37405462974.0,14533173705.0,1.0
11380625,1198082855.0,5637926132.0,102518450.0,34489206849.0,647332648.0,266359279.0,9075635929.0,22830140250.0,12692688681.0,3179140861.0,187266.0
11380631,351941646.0,2995858202.0,26501590.0,12853120089.0,14995778931.0,27000000.0,5568217799.0,21456248605.0,16733915658.0,3596339438.0,1.0
11380632,534653075.0,1442835688.0,18055806.0,15611476431.0,597568076.0,1.0,1290921784.0,7311361545.0,7627503267.0,212326737.0,1.0
11380640,862950041.0,3616782419.0,597301728.0,30713265434.0,18526696.0,1.0,2636433200.0,11406897453.0,13417441375.0,4193262836.0,1.0
11380650,1.0,1.0,1.0,8823100.0,1.0,58643427.0,173357859.0,1269944832.0,1822902274.0,287361623.0,1.0
11380690,11000000.0,84655898.0,1.0,108000000.0,1.0,1.0,88647595.0,17009948773.0,455201453.0,5909635480.0,1.0
11410520,1099307705.0,1304808256.0,1.0,17312710944.0,420282816.0,30339076.0,763521646.0,8477409498.0,14930979683.0,1966091887.0,1.0
11410555,28661416806.0,74083631.0,1.0,10156044369.0,1.0,32212510.0,386169875.0,6538693868.0,8484567181.0,2590785055.0,1.0
11410565,825460468.0,27516958.0,1.0,12195816562.0,2086157137.0,24920128.0,600226432.0,37972608307.0,17074689481.0,1028506042.0,1.0
11410585,12593336039.0,13951125863.0,949860240.0,76768959828.0,10845423532.0,6238222867.0,35648961100.0,232238042248.0,164110514650.0,63577739250.0,1.0
11410615,7598201823.0,8173029042.0,33628335.0,55135938605.0,672386040.0,1120073639.0,48139365903.0,72302761677.0,17432953787.0,7615848158.0,15000000.0
11410620,21017463399.0,4229956339.0,1.0,25430871420.0,1682114353.0,170942183.0,10618479838.0,37230677420.0,77441464730.0,7834223191.0,1.0
11410640,237963877.0,2135537220.0,23858045.0,79922278858.0,1.0,24980861.0,1429332589.0,19864212116.0,11634394645.0,2628612323.0,1.0
11410660,581060797.0,2505688783.0,18881301.0,39946165630.0,42023253.0,1.0,1292683415.0,8280194249.0,10188315445.0,952388623.0,1.0
11410685,1130224084.0,831208306.0,254047621.0,11439581377.0,708418276.0,1.0,4646304857.0,26780441845.0,5888087641.0,2371119633.0,1.0
11410690,745821475.0,3145637583.0,1.0,12836283926.0,520106898.0,428209226.0,2313906617.0,7587841450.0,36942757064.0,7993952857.0,1.0
11410700,483402789.0,5100028649.0,99532251.0,26153458936.0,3202528963.0,1.0,2681216477.0,21556290837.0,17007060498.0,6099634975.0,1.0
11410710,128501724.0,1.0,1.0,4347622014.0,1.0,1.0,241669419.0,1016582736.0,1.0,1.0,6000000.0
11410720,31855273417.0,12947780484.0,1.0,35389019380.0,120515779.0,78752859.0,5015485790.0,31082054139.0,20078569627.0,2345334149.0,1.0
11440555,669423149.0,1533915859.0,1.0,51969339114.0,613738747.0,1.0,1074242494.0,30451538582.0,27156944978.0,3608322566.0,1.0
11440565,5062435591.0,6828265642.0,1064191156.0,20735333286.0,2181500121.0,65672165.0,12521189958.0,77343311076.0,100987574680.0,27239307664.0,1.0
11440585,325360940.0,592743229.0,1.0,11217835840.0,943644147.0,274354794.0,3378408774.0,89601291871.0,12493872128.0,2504789895.0,1.0
11440590,3503617601.0,3183920547.0,1.0,26852327961.0,26066389614.0,1.0,35881779683.0,72740971126.0,38773955551.0,10860192459.0,1.0
11440600,3995036883.0,12474658555.0,1.0,11889510880.0,39500166033.0,1.0,3078802776.0,12884958431.0,8077612800.0,673637748.0,1.0
11440610,3204770216.0,2911386392.0,1.0,20835508080.0,2097068792.0,85357690.0,5606315752.0,16781570764.0,9081576168.0,1523416394.0,709140.0
11440630,3278216218.0,2689304796.0,1.0,29513817683.0,3246164280.0,1962687829.0,811502792.0,14001836733.0,11322232846.0,400127044.0,1.0
11440655,1688258676.0,4157267239.0,2923448474.0,26404041257.0,1133402085.0,22003929.0,7395640587.0,47785996047.0,3238417166.0,11148838799.0,212789351.0
11440660,18276506233.0,50629773149.0,1148166925.0,175812948856.0,40381667794.0,2033989683.0,74773233581.0,591349204901.0,177901901582.0,244882215989.0,16299437294.0
11440680,4030215646.0,3081556329.0,116996176.0,39373774215.0,2146472730.0,258080384.0,23702607677.0,117417522505.0,90005910528.0,16585655936.0,3313579222.0
11440690,2587360993.0,582008268.0,19737406.0,65724369895.0,135590457.0,1.0,3682423659.0,49571258527.0,13886450626.0,4073363507.0,454880164.0
11440700,2130154140.0,3705940060.0,235611778.0,63961199214.0,1549328880.0,1.0,6656926091.0,32720970967.0,21003992569.0,2495102202.0,1.0
11440710,15667933055.0,1009802124.0,1.0,6302142556.0,447868464.0,6319979.0,399843151.0,15518643205.0,1395048830.0,101562524.0,146679973.0
11440720,27337403938.0,1780505096.0,1.0,36155930022.0,298356077.0,1.0,4117881045.0,38466237149.0,9530010129.0,1599052944.0,5357081492.0
11440730,4283849660.0,4608152746.0,51760769.0,762875992218.0,285897679.0,1.0,1695703661.0,27778762591.0,7692990334.0,1354593659.0,1.0
11440740,2397602320.0,7111192162.0,1.0,29577744840.0,12982972739.0,1.0,7019680236.0,165276263473.0,26292869701.0,3727310352.0,598077101.0
11470510,3371267643.0,49741125130.0,106597961.0,8767727902.0,4644499546.0,190915263.0,10659818087.0,73356329945.0,38555561522.0,5800506137.0,298230.0
11470520,870170145.0,910408910.0,16331705.0,25759891435.0,1382818203.0,171264266.0,2791541097.0,18890575165.0,14671462894.0,2906250637.0,1.0
11470530,38515142477.0,2600475988.0,1066184105.0,38816785763.0,490139426.0,1.0,13344214050.0,47693596526.0,45008191160.0,11707433393.0,103020157.0
11470540,1026109914.0,3281775545.0,291573529.0,42569389702.0,286860068.0,1.0,6166727394.0,13642098156.0,10546736472.0,2301443579.0,21222582.0
11470550,8141454673.0,121412186183.0,1.0,87153867998.0,3067369528.0,1.0,15639221194.0,106387504894.0,55995765028.0,11213466389.0,4690430292.0
11470560,2451861259.0,1940803230.0,422817713.0,78809682794.0,3142874767.0,217294361.0,5583125510.0,25438849518.0,14624908835.0,7306774429.0,19893330.0
11470570,2549904361.0,1979910947.0,1.0,27393853621.0,68363095.0,111046604.0,1784556770.0,8939286820.0,13125783954.0,3048852132.0,1.0
11470580,1326663409.0,758906246.0,1.0,22139975881.0,86385465.0,1.0,2303131441.0,8809494315.0,9124003719.0,1170818956.0,1.0
11470590,984570445.0,4668644246.0,1.0,17882379618.0,130597043.0,1.0,2336010550.0,23248424264.0,5813278811.0,1467221754.0,1.0
11470600,7073076216.0,140495305.0,1.0,12129973334.0,1027039796.0,136665966.0,5623039208.0,11610172122.0,7394039399.0,3140556787.0,1.0
11470610,4295439985.0,116439864.0,12000000.0,20819640403.0,1.0,1.0,912606104.0,4613921595.0,14328085249.0,6581049578.0,1.0
11470611,6470721076.0,1388471490.0,1.0,17054111144.0,314456120.0,1.0,5050813983.0,15138650322.0,25490335393.0,2045045761.0,15756177.0
11470620,3805545723.0,20312323545.0,1.0,22954121969.0,3081985330.0,22402494.0,4350707376.0,27153652407.0,10653266674.0,2414773164.0,1.0
11470630,7023080300.0,19519295150.0,1.0,27867810037.0,362602096.0,1.0,3770213529.0,20901841082.0,12572403580.0,1709395264.0,1.0
11470640,1125915939.0,3543467148.0,1.0,17420848009.0,469615934.0,1.0,2587555316.0,6723187935.0,5322992025.0,38169115.0,1.0
11470650,16159965275.0,20733164603.0,287842210.0,71632196851.0,8205704822.0,1600658648.0,18462280706.0,87036399927.0,80497805878.0,37246589023.0,294738883.0
11470680,1.0,19944757.0,1.0,1981447533.0,1.0,1.0,7692363930.0,2596426769.0,1.0,1.0,1.0
11500510,73185000.0,524159038.0,1.0,10951867511.0,1.0,419087382.0,788330567.0,5011209201.0,2925846364.0,22593886.0,1.0
11500520,7018276402.0,2462560718.0,1.0,18283134865.0,8235275337.0,1.0,6856706594.0,16247066619.0,45799553160.0,370979589.0,184814357.0
11500530,41570168.0,68831818.0,1.0,8876618201.0,1.0,1.0,200775640.0,1107790860.0,1.0,674319042.0,1.0
11500535,45734316071.0,14853405913.0,983063253.0,34101991100.0,2205397806.0,1.0,16767228440.0,44552913381.0,48374303696.0,11956892108.0,78995852.0
11500540,16717998728.0,5767894575.0,161894703.0,107875565771.0,2003988220.0,8345691227.0,22073841980.0,127849391701.0,96815469603.0,25704509436.0,2404907842.0
11500550,5624365851.0,3382083115.0,20789810.0,11210246833.0,8695018240.0,1.0,3883689518.0,10276106775.0,10615497319.0,2430314211.0,23797224.0
11500560,1125165977.0,1730476112.0,59583578.0,13711162922.0,1.0,1.0,2665067921.0,11233330619.0,10519812291.0,2518609807.0,1.0
11500570,31927903883.0,4493712430.0,2021354516.0,82787574422.0,2358143181.0,46541231.0,6129910814.0,38538629712.0,43965939226.0,10536389639.0,11623687.0
11500590,2360341415.0,4683108795.0,360731216.0,57005708773.0,2048764129.0,1643241472.0,2936989599.0,23070875373.0,13148279556.0,20736178620.0,1.0
11500591,1119791838.0,2292782718.0,98585463.0,56005546654.0,638424133.0,4300619952.0,6341099424.0,73971573815.0,34732198961.0,11127026992.0,171089.0
11500593,634845624.0,575743853.0,252453708.0,41970881630.0,32907697.0,1.0,5174516937.0,18431467075.0,34737176201.0,5816844882.0,1.0
11500603,4200901611.0,4770271364.0,200556753.0,45052572700.0,22078927507.0,1.0,14934457903.0,124945590115.0,23727569516.0,43094706502.0,41989173.0
11500605,299989560.0,593915804.0,1.0,3085020721.0,1.0,1.0,295204231.0,2064912702.0,6728012929.0,1.0,1.0
11500611,1400748644.0,9669139833.0,1.0,459125512840.0,1536367488.0,1.0,6093303092.0,27382123471.0,28369384892.0,7166925876.0,1135408.0
11500615,47300963865.0,18345682607.0,101602669.0,27311189420.0,5516463235.0,1.0,3048067335.0,22685271095.0,11374230117.0,3111440646.0,355930287.0
11500620,3394745569.0,1219491648.0,1.0,95724531625.0,206241487.0,688368508.0,6696945922.0,43748538646.0,21058542945.0,7000466058.0,1.0
11500630,25113401817.0,3865568140.0,11043274.0,57924934467.0,5790333449.0,448157046.0,8019739183.0,38496964600.0,34393827395.0,11941120890.0,1.0
11500640,2289872512.0,239195868.0,1.0,13847610046.0,713296159.0,566323122.0,2467228520.0,17543768829.0,22703377436.0,2826305103.0,593616.0
11500641,2697618659.0,23090336.0,1.0,8233715462.0,279238554.0,1.0,1377972090.0,17779544636.0,3176660021.0,1.0,1.0
11530510,525521544.0,46442153.0,1.0,3519982877.0,1.0,1.0,227754475.0,4643761398.0,1.0,1.0,1.0
11530530,482010157259.0,409023488.0,1.0,109498061709.0,16978324321.0,1834495847.0,7261106197.0,60549280102.0,54358449016.0,16072895342.0,1983665251.0
11530540,87838559828.0,7447036119.0,76412178.0,59837629426.0,20753499056.0,1465631038.0,27981671382.0,245427673165.0,104857257972.0,69313744521.0,6735598848.0
11530550,2529244431.0,3019488162.0,1.0,19751840908.0,302459743.0,245134996.0,4045010535.0,31537811520.0,38746839759.0,6986347327.0,1.0
11530560,57381737049.0,2664816594.0,1.0,46452120346.0,21893574747.0,2827424967.0,7609206653.0,130216640554.0,54023677163.0,16216439254.0,213647919.0
11530595,8827670912.0,794848907.0,1.0,62617493901.0,160197776.0,730635885.0,2293953349.0,20167356474.0,10137027943.0,731280328.0,1.0
11530720,6694798146.0,286439616.0,56177031.0,18377604952.0,314222696.0,1.0,7563986781.0,24863955191.0,18443929343.0,1632066205.0,1.0
11530730,11098263659.0,2327881748.0,31162184.0,73998096845.0,420085380.0,1.0,4928969862.0,31506919928.0,21694183719.0,2543820992.0,1.0
11530740,274655576.0,2787673283.0,52646556.0,27908237935.0,24000000.0,656615370.0,4047616058.0,19042221670.0,10891000894.0,1626620892.0,1.0
11530750,380449371.0,279520497.0,1.0,26161015750.0,1.0,83188132.0,3547158506.0,8824364394.0,11004000866.0,1500625028.0,1.0
11530760,6938687300.0,4913777382.0,1.0,25847067336.0,352617218.0,1.0,5141774336.0,25693171825.0,27442838339.0,5648946969.0,30231996.0
11530770,5462616708.0,1623884223.0,22429139.0,49152739239.0,684004554.0,2757741409.0,6055313838.0,27615988686.0,51686808150.0,6137509253.0,5486655.0
11530780,410657852.0,912437839.0,1.0,13161372708.0,1.0,1.0,3970686243.0,18017757602.0,13554824769.0,835245493.0,1.0
11530790,1013192495.0,3045853787.0,8058046.0,24689088547.0,1525379621.0,1.0,2245418430.0,16773175175.0,5177274436.0,344511364.0,1.0
11545510,47860403779.0,1486450641.0,1746735031.0,188536729859.0,136646515045.0,3430440842.0,154157456789.0,262115120418.0,310691458871.0,501375163788.0,10989269144.0
11545610,6909927228.0,1561261937.0,19678939.0,921616968531.0,8232137726.0,1304067256.0,10841955136.0,61557844190.0,35794651458.0,5835745686.0,373815787.0
11545620,4270520242.0,1576949644.0,1.0,38559325553.0,16253072.0,11305180.0,2439301847.0,13865268173.0,20956185767.0,1311241985.0,1.0
11545630,10848299890.0,1873758992.0,1.0,133162639081.0,3290563769.0,243115859.0,3933254947.0,32910952907.0,24687300035.0,6062810945.0,10271014.0
11545640,2297779527.0,1790118933.0,605605575.0,30013219648.0,473243893.0,261781747.0,4648363574.0,26630507201.0,13903023661.0,1375695042.0,1.0
11545670,3744106533.0,4142424052.0,484987015.0,90677146251.0,662748714.0,1698221606.0,9439545302.0,84163568098.0,80685677040.0,21353949390.0,1.0
11545680,1.0,925141179.0,1.0,3947964723.0,51200202.0,1.0,524738224.0,2456944242.0,2620900651.0,1017833738.0,1.0
11545690,332223011.0,377035243.0,33006591.0,34269203812.0,451607207.0,1.0,7659480900.0,13209802590.0,6166890582.0,302910592.0,1.0
11545700,344347530.0,1238459406.0,11590728.0,23298514595.0,615186785.0,1.0,2012321551.0,9799723250.0,21768982846.0,1614262281.0,1.0
11545710,197127505.0,2863211209.0,1.0,42875488771.0,16465745.0,1.0,3893562288.0,16682909045.0,31521910470.0,4644303573.0,1.0
11560515,4803477134.0,679936499.0,111902162.0,11272997963.0,1.0,35010280.0,333094945.0,24480473540.0,3674374560.0,40339814547.0,1.0
11560535,73681059087.0,1679598284.0,933413071.0,256980602092.0,29996322076.0,8377739694.0,25719758238.0,207140637617.0,101950839230.0,200302241763.0,88618097.0
11560540,13106747027.0,19109816600.0,1210387542.0,105090054839.0,12801327976.0,281907579.0,29001966519.0,545423734219.0,102442310638.0,53527756814.0,44180959252.0
11560550,12283286849.0,840015190.0,659288023.0,371902439913.0,2726317310.0,576451669.0,12586603646.0,78999699387.0,34738626558.0,8977226074.0,79481719.0
11560560,3138991628.0,7005939535.0,948553302.0,35772894628.0,2079135734.0,934885729.0,14743701022.0,119635367676.0,42117183359.0,8852896235.0,1374836550.0
11560585,2234922906.0,2224488350.0,32336449.0,23883664829.0,343688358.0,283233236.0,6064605207.0,16817106443.0,29626385864.0,3363797709.0,1.0
11560605,654897673.0,579246716.0,285788256.0,138935153982.0,4239521751.0,89160030.0,4341380079.0,76905687651.0,87367462364.0,5300519616.0,26089253.0
11560610,233439162.0,73022155.0,1.0,16169582151.0,2950574842.0,167381633.0,2436604130.0,20286239808.0,40809305853.0,21682902154.0,17352000000.0
11560620,336605492.0,2252927095.0,1855485337.0,15108056367.0,11203969144.0,176043915.0,13643219824.0,51880357356.0,162731878327.0,9678481605.0,3604635423.0
11560630,4017624734.0,1902233028.0,1.0,26497460402.0,712292295.0,296447663.0,13075499695.0,29911259566.0,36407440239.0,3865789941.0,6089592.0
11560650,179283060.0,440792713.0,109002383.0,20652413372.0,12290484.0,1.0,1305927388.0,2129788291.0,7405745132.0,1233116865.0,29470512.0
11560660,61532306.0,1.0,1.0,5034063280.0,1.0,1388888.0,299843325.0,2571414730.0,348181783.0,2181421440.0,1.0
11560670,18843307029.0,2561071998.0,1.0,11296032596.0,1.0,127757130.0,648524060.0,12639044093.0,871996375.0,368672433.0,1.0
11560680,1182500246.0,1140008344.0,33835563.0,43280241745.0,2126330396.0,184255699.0,1733882526.0,23726746216.0,14848348917.0,1459612450.0,1.0
11560690,969197685.0,1271770379.0,1.0,11603289092.0,1.0,92029925.0,3080997853.0,10021877554.0,14877672128.0,343268527.0,1.0
11560700,593110790.0,797622432.0,1.0,30343742004.0,5267504.0,306960002.0,2042743675.0,17997333525.0,30374713173.0,2949779867.0,446964578.0
11560710,1530858152.0,424967858.0,39979298.0,34892668250.0,129102225.0,120760716.0,2586862621.0,28848049995.0,6083472201.0,10434450825.0,1.0
11560720,6119885528.0,5096465282.0,1.0,95202409185.0,9340039022.0,1.0,9559197550.0,63220222416.0,510123990639.0,19673670936.0,1.0
11590510,8336762757.0,63467206802.0,98666729.0,2369861936537.0,50083948725.0,1629360382.0,12747488063.0,112091375046.0,21551231932.0,12952506862.0,1.0
11590520,79197567.0,305215053.0,9981022.0,11799095067.0,121026268.0,225334815.0,854545970.0,11202788972.0,7849106708.0,908731673.0,1.0
11590530,34281578447.0,11317968169.0,108679876.0,48496298126.0,1921485990.0,206028776.0,9688722858.0,56165055395.0,32004737099.0,2780633617.0,679361639.0
11590540,1452298717.0,3453226655.0,124554900.0,35458713987.0,28682955.0,161841188.0,2810938477.0,25963755623.0,18957782363.0,4242388674.0,1.0
11590550,1382817779.0,533240766.0,1.0,49887545450.0,1.0,1.0,4168490627.0,18394708746.0,21072256218.0,4694359785.0,1.0
11590560,1455005156.0,1755899640.0,1.0,17596781661.0,1.0,1.0,1245383154.0,15349472757.0,12217130523.0,2191518510.0,1.0
11590605,653057616.0,1596926948.0,1.0,20009748151.0,264093173.0,36000000.0,2822392428.0,28052086055.0,8037057460.0,2175393047.0,1.0
11590620,3767808365.0,2267082807.0,959075377.0,33174964667.0,399683949.0,7523549.0,5630950293.0,60273373342.0,21796387576.0,4462974092.0,374924745.0
11590630,13669083228.0,2728974269.0,2665081413.0,68551922560.0,2212475265.0,352399870.0,23904311910.0,126591293712.0,139236118884.0,13616902197.0,589647537.0
11590640,6176340224.0,1572208485.0,1.0,4565508122.0,13094139.0,97089580.0,605955741.0,3180021821.0,2563729857.0,686692098.0,128443358.0
11590650,7613109554.0,2629787939.0,1.0,27640388525.0,372754856.0,1718692.0,4285143415.0,18556936424.0,38027480799.0,2849503304.0,1.0
11590651,666779020.0,763477325.0,1.0,4165574974.0,118842723.0,1.0,205448065.0,1037436377.0,1.0,1.0,1.0
11590660,4002919903.0,30121076584.0,231363759.0,52209255796.0,11900311144.0,635838459.0,10516814093.0,70326757289.0,61389975738.0,6331770854.0,1.0
11590670,57170535.0,571648419.0,5560369.0,9485190902.0,172354831.0,81503492.0,2937516355.0,15072915871.0,21024781463.0,1801535647.0,1.0
11590680,832764183.0,2653175798.0,1.0,24267613615.0,685571335.0,1.0,4978120576.0,64905542517.0,31961527765.0,2271614833.0,1.0
11620525,635727932.0,2036522275.0,102299079.0,41414180580.0,128819002.0,1.0,3977990118.0,15425193886.0,17097518898.0,995176318.0,1.0
11620545,1.0,1.0,1.0,1.0,1.0,1.0,8585365.0,30682074.0,1.0,1.0,1.0
11620565,405417040.0,4655014436.0,1.0,4351370150.0,20975253.0,1.0,287775498.0,1544997951.0,2650601024.0,11904109.0,1.0
11620575,2507106825.0,1280691005.0,39030539.0,21400346075.0,904921775.0,45548781.0,3531045761.0,15431390928.0,19810325602.0,3143488620.0,1526753558.0
11620585,820177042.0,685823965.0,1.0,13247437297.0,1.0,1.0,1819603405.0,45552182921.0,8156520804.0,1.0,1.0
11620595,13409430050.0,7857169420.0,102762908.0,68382130894.0,942216652.0,8879485590.0,35483009528.0,127072058726.0,95118932190.0,199624146170.0,25537325.0
11620605,1312975029.0,1.0,16008090.0,16687472132.0,1.0,1.0,1482314191.0,9882541387.0,4928990967.0,630475006.0,20531240.0
11620615,1301727640.0,3368142534.0,255193398.0,30953631669.0,1.0,1.0,2704054367.0,26523938634.0,23687578733.0,4239625541.0,1.0
11620625,191100488.0,1461205358.0,143595823.0,41563082281.0,188818757.0,1.0,2458879552.0,21288421626.0,19072564601.0,1897580181.0,1.0
11620630,5859243.0,987771362.0,1.0,29223891161.0,67989476.0,1.0,3547179994.0,14070815623.0,15010143026.0,699651266.0,1.0
11620645,1481200177.0,967645304.0,1.0,17210687510.0,2512821.0,552943278.0,9567618014.0,83118654080.0,8872816046.0,13801978862.0,1.0
11620655,4059023854.0,1313546858.0,878576420.0,38048653729.0,289854268.0,1.0,3574024254.0,15941683393.0,6989693044.0,3004854651.0,1.0
11620665,878947754.0,1117402648.0,40787.0,23841263871.0,232853003.0,1.0,2592652203.0,17007206643.0,9193198354.0,914322675.0,1.0
11620685,2107968295.0,4468925440.0,48156879.0,38349387960.0,1414885036.0,184467813.0,8532956261.0,23677913368.0,31552747968.0,2546579680.0,1.0
11620695,34267679550.0,3993943225.0,432598958.0,70137943417.0,381580922.0,8723850313.0,25124147671.0,111536779351.0,59265070136.0,36059734580.0,158894160.0
11620715,1.0,86572580.0,1.0,8245506948.0,1.0,1.0,74455828.0,1425420271.0,2918950564.0,1.0,1.0
11620725,565127142.0,716111212.0,257803138.0,35734964236.0,224017236.0,137822600.0,3190665143.0,23950002900.0,14363431573.0,4318315552.0,95957738.0
11620735,316350866.0,9306188288.0,4482106.0,37378004886.0,4144065270.0,129424541.0,17583286686.0,55241052523.0,24718633817.0,1956180259.0,1.0
11620745,1269389304.0,2720650609.0,1.0,35073094265.0,362039335.0,1.0,342664504.0,4708328130.0,7279338862.0,5851842079.0,1.0
11620765,11043111232.0,2839496168.0,243131092.0,30074693009.0,162024506.0,148378646.0,4898919195.0,20107650330.0,21968097987.0,12872962886.0,1.0
11620775,1091452646.0,2592072429.0,1.0,19496823921.0,839506113.0,1.0,8215903612.0,17962636215.0,33681493585.0,5780715174.0,1.0
11650510,255623772174.0,21572056827.0,30000000.0,90608787385.0,42537044447.0,1086640972.0,36058935631.0,264824056286.0,187843356306.0,70694866892.0,7354741093.0
11650520,22366359324.0,57179520176.0,116292408.0,132739680586.0,61963768463.0,3490091327.0,58314991081.0,533576809545.0,698251256337.0,242993674988.0,1107409378.0
11650530,24240517288.0,22198892964.0,55849851.0,76920151456.0,9342742810.0,5163705701.0,35779705449.0,174975262194.0,67475538861.0,33628746021.0,145246164.0
11650540,20763911019.0,16726735232.0,281834844.0,38463970142.0,3170986515.0,2300561527.0,14902609409.0,120199645107.0,243477899338.0,44127417126.0,7445162926.0
11650550,1049576171.0,3386003992.0,1.0,4943085952.0,221626225.0,1.0,545854530.0,4603140052.0,941653665.0,4616319995.0,1.0
11650560,234483456.0,259380970.0,88446900.0,11254397006.0,60723260.0,53485077.0,4575016833.0,12996533844.0,9908668148.0,1031660833.0,8971593.0
11650581,78023807503.0,102780807364.0,36470560.0,121284260409.0,8603658776.0,987104017.0,23432349299.0,214264961564.0,111414455421.0,123764942229.0,580474941.0
11650590,41931980809.0,10744613021.0,33341485.0,17656681287.0,451441315.0,1616775945.0,10502252987.0,62417419664.0,12174701121.0,5948805277.0,1.0
11650600,3738410882.0,20101289209.0,1.0,50085156190.0,6323222718.0,91622858.0,19047675949.0,60032048287.0,69098840689.0,10751937272.0,4108041110.0
11650610,9870794811.0,6862845333.0,290365204.0,24288305859.0,2141572116.0,3013521063.0,10227904397.0,129612663158.0,22563569955.0,12838906608.0,1.0
11650620,87229299.0,2721669929.0,1.0,9553569349.0,899304202.0,1.0,626176979.0,6429060865.0,54942022471.0,319589041.0,1.0
11650621,3459774680.0,13036410554.0,297529985.0,76063998541.0,4248812250.0,93569283.0,8424807002.0,56407737041.0,25712067097.0,14381254146.0,94683824.0
11650651,100364129401.0,2736798658.0,1360157040.0,46055794141.0,18521970885.0,238571473.0,12315929414.0,91518076211.0,42503751798.0,15923744869.0,3922356063.0
11650652,73293311951.0,4132205018.0,75045006.0,191472518952.0,32852835773.0,506877221.0,18136697638.0,148568366251.0,94485824292.0,37049327095.0,1691666634.0
11650660,5144034231.0,1.0,1.0,783674390.0,1.0,1.0,1569223851.0,6276499236.0,960460261.0,1.0,6348783.0
11680510,6054885302.0,88030227742.0,3690074955.0,37822675685.0,10290940734.0,1281632128.0,47495489393.0,234415752893.0,371258439728.0,246302043867.0,8773885283.0
11680521,256287092409.0,17461585135.0,459061854.0,245433056343.0,22426560772.0,2225094324.0,82117380571.0,375069454128.0,370183399175.0,109185502972.0,5846803556.0
11680531,38808008177.0,7987624863.0,558226415.0,71672952159.0,17173136088.0,2837461560.0,68846324223.0,179306060426.0,113590802461.0,45979386644.0,382035708.0
11680545,58644171715.0,35165625397.0,92433071.0,85752529555.0,8564226113.0,1939724714.0,122343186904.0,400188096173.0,297639177692.0,607519230387.0,15030217171.0
11680565,60054916575.0,18458727346.0,386422864.0,83360349045.0,16217028798.0,1.0,66879121348.0,153549852855.0,127666664941.0,284054126128.0,1216669536.0
11680580,110803351414.0,2439321557.0,2102824.0,79795472182.0,24503338938.0,215990922.0,63836289491.0,176251933448.0,44359776990.0,434896116799.0,72495306.0
11680590,32954911255.0,44085740277.0,2041686078.0,152408653654.0,13719260197.0,4765585818.0,44951967253.0,494656549762.0,178569062338.0,168926016666.0,65877203075.0
11680600,18927387986.0,69422491478.0,1.0,27323635978.0,1255607593.0,1.0,8604849639.0,38617984167.0,47411017356.0,2879467394.0,1.0
11680610,10317213776.0,30450130372.0,1.0,36928647280.0,25241280873.0,1.0,31110813348.0,143446859000.0,159359061107.0,391326491745.0,9137590.0
11680630,19936196912.0,436265980023.0,1945581069.0,77628815564.0,14663185624.0,138932019.0,26362804515.0,140131099493.0,225248557674.0,73884766812.0,259488286.0
11680640,65127841056.0,18218932958.0,829116061.0,245805938288.0,26180528316.0,12717174411.0,106872731843.0,537739539302.0,241118116639.0,96876427590.0,2334861974.0
11680650,5012676953.0,4142228074.0,471488599.0,39553827245.0,3667452600.0,1.0,7207040685.0,23680887735.0,25148674962.0,11158567455.0,166602629.0
11680655,1.0,212952048.0,1.0,5263916099.0,1.0,1.0,440048157.0,2817700261.0,18124244972.0,521717986.0,1.0
11680656,1477922982.0,395858565.0,1.0,14702227073.0,1502255368.0,1.0,1857583453.0,65105179322.0,71170044399.0,6117261385.0,90105225.0
11680660,1.0,1.0,1.0,1.0,1.0,1.0,7348618.0,1.0,1.0,1.0,1.0
11680670,497090251.0,13855926277.0,1.0,23396839676.0,1626893836.0,1.0,2895851789.0,30598771234.0,19993158969.0,4145330045.0,143819524.0
11680690,5685740483.0,3445630998.0,1.0,29289189693.0,503248420.0,1.0,5943204093.0,23825199230.0,33352727523.0,7868513550.0,5303030539.0
11680700,337314994.0,4039821522.0,1.0,38570631590.0,60524011.0,1.0,2332573041.0,20243735034.0,13505204399.0,179347270.0,1.0
11680730,2783324044.0,2428367355.0,1.0,19781068436.0,446992547.0,1.0,6254960408.0,37021496716.0,23626187307.0,2743141751.0,1.0
11680750,2658419576.0,843566634.0,1.0,53386602870.0,3453251048.0,1.0,7139307137.0,41326884831.0,42257572203.0,19926370453.0,1.0
11710510,647075551.0,495563210.0,129648775.0,15283233191.0,3165173306.0,1.0,1535311333.0,7446235980.0,11272562031.0,757647342.0,1.0
11710531,1007510887.0,447666806.0,1.0,23687936854.0,1.0,228300676.0,2069005961.0,9084370251.0,4591835646.0,810655047.0,1.0
11710532,1443695138.0,2434456987.0,1.0,14057948243.0,314571893.0,1.0,3053202647.0,23588216248.0,42480075823.0,4294573843.0,1.0
11710540,1446994035.0,912996379.0,101498132.0,30955564728.0,28790373.0,38835681.0,1777304664.0,10929424004.0,173137623410.0,2980793641.0,1.0
11710550,3309873287.0,294451681.0,1.0,36435272012.0,592239038.0,1.0,8483169134.0,16042867326.0,18237007168.0,9798819131.0,1.0
11710561,347596689.0,55319668624.0,1.0,22878176962.0,8846624612.0,483998357.0,7334865059.0,63947836422.0,34863075928.0,4065731500.0,155578781.0
11710562,31336923847.0,18599087801.0,239724813.0,94126723276.0,5338980377.0,15610467667.0,46218242930.0,200763129963.0,67586160798.0,39133088278.0,2034016624.0
11710566,15495567554.0,477212340.0,1.0,72009079408.0,6460928948.0,15356710066.0,21468292710.0,203961185802.0,44951708965.0,244508097002.0,1148305.0
11710570,1651289570.0,18274310905.0,322464879.0,87797277338.0,196817509.0,1.0,7980703342.0,41426143699.0,18352811432.0,7652980697.0,4363668532.0
11710580,35132600452.0,7775761672.0,248969020.0,34214871192.0,2799075586.0,50787760.0,15913963859.0,79006681635.0,57917280915.0,26574254614.0,48090480.0
11710590,45536724.0,1398767286.0,1.0,3738821315.0,1.0,1.0,2889143107.0,1241983073.0,4115156402.0,310517385.0,1.0
11710600,25812622713.0,12895005857.0,303300137.0,71814204124.0,6144765555.0,869889781.0,9922940284.0,67027096862.0,43188339124.0,27029945291.0,1.0
11710610,57129561353.0,16287399437.0,137611452.0,111354388813.0,2184430587.0,985230760.0,23448470748.0,56094250919.0,55007866619.0,1558933150.0,245390648.0
11710620,46362282510.0,4876996078.0,167987314.0,146470076079.0,2105653567.0,177278825.0,27418662819.0,128689483978.0,50132843472.0,18628276515.0,81672984.0
11710631,1.0,1.0,1.0,1175222637125.0,1.0,1.0,1.0,58108219590.0,4585763292.0,1024244668.0,1.0
11710632,4228453650.0,6361460363.0,1.0,78320684151.0,1913885201.0,1.0,8516316812.0,27625718138.0,50175042953.0,1544116380.0,1.0
11710641,2762079790.0,3194969573.0,659133220.0,54569139452.0,58572310.0,1.0,9336919406.0,38680003393.0,42574673732.0,84656163292.0,65920989.0
11710642,54002831647.0,4252005084.0,151596895.0,72853052933.0,22443201858.0,1.0,17687254740.0,116641657001.0,73487777645.0,46307560672.0,12470929695.0
11710646,3014414891.0,1229227048.0,85830648.0,18527154089.0,445402492.0,20315104.0,3168286099.0,15263809585.0,12522632427.0,528537669.0,1002000000.0
11710647,1.0,17020000.0,1.0,2019553612.0,1.0,1.0,64530896.0,853384636.0,1.0,1.0,1.0
11710650,17142924040.0,51136754338.0,800999195.0,167300311436.0,5899973842.0,5472982865.0,58413512181.0,213080489661.0,162705594704.0,31826873236.0,1109406106.0
11710690,1.0,917279111.0,1.0,160338434.0,1.0,1.0,1169007247.0,1282208400.0,2497013066.0,399866371.0,1.0
11710710,911680569.0,7548379676.0,1.0,41647180300.0,6598529668.0,1.0,15466834697.0,129915293598.0,57412290157.0,283200927504.0,25892855.0
11740515,5444786.0,5139323384.0,1.0,2222364691.0,613345379.0,1.0,2170553693.0,8210533959.0,6916401092.0,702046336.0,1.0
11740520,63020138.0,1891139189.0,75551907.0,8782896852.0,424554758.0,1.0,6327256699.0,23531062963.0,30033985937.0,454462875.0,28099402.0
11740530,1453023590.0,12014912138.0,575689326.0,42154483959.0,2146682968.0,363061668.0,9559842729.0,57140078606.0,60862936412.0,17976002413.0,1.0
11740540,412254168.0,45468421796.0,1.0,21035870066.0,11778348313.0,1.0,8947584307.0,59200051339.0,29447638156.0,9827238958.0,1.0
11740550,261440496.0,2002645666.0,1.0,33100461151.0,115436920.0,1.0,913356169.0,8628269287.0,5930582449.0,146138520.0,1.0
11740560,22489654.0,1500314715.0,1.0,21381310093.0,1.0,1.0,1768412323.0,15565465130.0,41310760127.0,419855767.0,1.0
11740570,1740475680.0,785482748.0,3713757390.0,60659853418.0,221079921.0,432960331.0,5099385015.0,24635443095.0,8450238556.0,5591072596.0,1.0
11740580,167245105.0,2893653913.0,977463625.0,8688227184.0,1.0,36000000.0,10599625670.0,40872731103.0,41883546530.0,3213955630.0,1.0
11740600,2330406712.0,10743445866.0,1.0,44917113432.0,1.0,1.0,5007460400.0,29310217660.0,30085107574.0,15015320389.0,1.0
11740610,38580369809.0,7029654253.0,656355358.0,104598595025.0,6121023195.0,6459509396.0,27622258521.0,150043579186.0,170919354931.0,226948962565.0,294239912.0
11740620,550576057.0,399771815.0,7351722.0,20777374468.0,77899124.0,670332370.0,1346539820.0,9205924688.0,5939916381.0,9782138872.0,1.0
11740640,19358152869.0,2237825465.0,65637531.0,17209520216.0,2889085612.0,1.0,23881540294.0,50109997549.0,19398121365.0,18433569691.0,6372778.0
11740650,1936689481.0,2511428157.0,1.0,29507626963.0,227921360.0,660081373.0,3464121864.0,29171095614.0,11916138555.0,3365364482.0,3572796.0
11740660,24075626843.0,20700762556.0,353942052.0,85780079416.0,2892593531.0,445625561.0,15426964764.0,77197426795.0,55105291941.0,11943299426.0,130474403.0
11740685,13050180081.0,8502832283.0,440395359.0,92178559098.0,933857416.0,5177840794.0,14921279783.0,113511471533.0,143067398610.0,14335100369.0,159831838.0
11740700,1074581528.0,5272943215.0,1200713393.0,16418819398.0,941034756.0,84511983.0,20103702262.0,23735340525.0,23528890006.0,9897848745.0,5351374.0
