행정동_코드,가구 및 가전제품,교육,기타,생필품,서적 및 문구,숙박,여가,음식점,의료,의류 및 패션,전자상거래업
11110515,40.0,3.0,1.0,104.0,20.0,9.0,42.0,569.0,12.0,67.0,1.0
11110530,131.0,78.0,1.0,361.0,74.0,14.0,321.0,4718.0,493.0,357.0,6.0
11110540,2.0,1.0,1.0,42.0,5.0,1.0,5.0,644.0,6.0,132.0,1.0
11110550,6.0,88.0,1.0,129.0,6.0,12.0,69.0,288.0,30.0,39.0,1.0
11110560,23.0,135.0,5.0,97.0,18.0,6.0,75.0,310.0,54.0,39.0,1.0
11110570,1.0,46.0,1.0,46.0,1.0,1.0,27.0,135.0,42.0,56.0,1.0
11110580,35.0,53.0,1.0,89.0,22.0,16.0,65.0,1069.0,168.0,43.0,1.0
11110600,38.0,15.0,1.0,178.0,17.0,1.0,46.0,1105.0,74.0,149.0,1.0
11110615,3683.0,433.0,66.0,2311.0,766.0,552.0,969.0,11660.0,1617.0,6203.0,408.0
11110630,491.0,1.0,6.0,546.0,103.0,62.0,331.0,1864.0,611.0,374.0,13.0
11110640,31.0,20.0,1.0,140.0,43.0,6.0,45.0,744.0,42.0,14.0,1.0
11110650,103.0,137.0,1.0,323.0,67.0,37.0,334.0,3362.0,261.0,301.0,1.0
11110670,49.0,8.0,100.0,141.0,209.0,44.0,155.0,880.0,305.0,546.0,6.0
11110680,4.0,10.0,6.0,113.0,1.0,2.0,76.0,443.0,29.0,52.0,1.0
11110690,1.0,6.0,1.0,12.0,1.0,1.0,20.0,65.0,1.0,10.0,1.0
11110700,10.0,6.0,1.0,12.0,1.0,1.0,19.0,48.0,36.0,16.0,1.0
11110710,47.0,2.0,1.0,112.0,20.0,24.0,77.0,477.0,12.0,154.0,1.0
11140520,700.0,124.0,34.0,1902.0,297.0,163.0,760.0,6526.0,859.0,8585.0,172.0
11140540,436.0,1.0,14.0,1053.0,107.0,88.0,166.0,2412.0,434.0,5006.0,16.0
11140550,69.0,36.0,1.0,722.0,120.0,88.0,618.0,5115.0,864.0,1370.0,18.0
11140570,183.0,13.0,48.0,202.0,76.0,18.0,152.0,1929.0,144.0,68.0,1.0
11140580,5.0,4.0,6.0,117.0,24.0,10.0,77.0,701.0,45.0,21.0,1.0
11140590,492.0,12.0,1.0,1648.0,157.0,191.0,869.0,3241.0,367.0,26360.0,170.0
11140605,937.0,3.0,1.0,447.0,149.0,24.0,100.0,2249.0,188.0,213.0,15.0
11140615,44.0,11.0,1.0,286.0,18.0,29.0,261.0,1333.0,162.0,834.0,7.0
11140625,24.0,65.0,1.0,197.0,53.0,22.0,311.0,1025.0,357.0,149.0,28.0
11140635,33.0,21.0,1.0,116.0,1.0,6.0,80.0,191.0,109.0,27.0,1.0
11140645,6.0,20.0,1.0,24.0,1.0,1.0,50.0,159.0,17.0,24.0,6.0
11140650,64.0,15.0,1.0,152.0,6.0,12.0,192.0,572.0,171.0,92.0,1.0
11140665,12.0,27.0,6.0,43.0,1.0,6.0,135.0,210.0,36.0,23.0,1.0
11140670,247.0,27.0,1.0,365.0,23.0,35.0,68.0,658.0,68.0,188.0,1.0
11140680,63.0,7.0,1.0,151.0,26.0,13.0,72.0,637.0,108.0,76.0,1.0
11170510,35.0,52.0,1.0,282.0,6.0,14.0,130.0,659.0,132.0,61.0,1.0
11170520,20.0,26.0,1.0,101.0,1.0,1.0,75.0,531.0,12.0,31.0,1.0
11170530,38.0,48.0,1.0,196.0,11.0,66.0,271.0,1701.0,262.0,175.0,2.0
11170555,35.0,9.0,1.0,266.0,34.0,16.0,246.0,1391.0,60.0,303.0,2.0
11170560,56.0,11.0,1.0,98.0,6.0,1.0,56.0,407.0,12.0,21.0,6.0
11170570,3053.0,20.0,1.0,370.0,173.0,1.0,138.0,968.0,73.0,8.0,222.0
11170580,17.0,77.0,1.0,59.0,1.0,1.0,41.0,195.0,49.0,29.0,1.0
11170590,72.0,27.0,6.0,347.0,22.0,37.0,160.0,722.0,142.0,164.0,1.0
11170625,372.0,23.0,7.0,255.0,53.0,55.0,184.0,2465.0,203.0,267.0,23.0
11170630,23.0,158.0,1.0,179.0,1.0,1.0,87.0,456.0,108.0,41.0,1.0
11170640,1.0,18.0,1.0,64.0,1.0,1.0,24.0,75.0,24.0,1.0,1.0
11170650,211.0,23.0,10.0,522.0,34.0,38.0,328.0,3908.0,115.0,2244.0,55.0
11170660,26.0,5.0,13.0,121.0,12.0,6.0,105.0,794.0,72.0,85.0,1.0
11170685,79.0,43.0,1.0,219.0,36.0,1.0,371.0,1480.0,163.0,213.0,8.0
11170690,1.0,20.0,1.0,131.0,1.0,6.0,54.0,153.0,6.0,2.0,4.0
11170700,23.0,23.0,12.0,139.0,1.0,1.0,123.0,386.0,86.0,42.0,4.0
11200520,22.0,27.0,6.0,60.0,6.0,1.0,100.0,263.0,66.0,52.0,1.0
11200535,34.0,10.0,12.0,176.0,12.0,95.0,150.0,827.0,94.0,80.0,6.0
11200540,9.0,75.0,1.0,188.0,12.0,12.0,159.0,754.0,124.0,14.0,8.0
11200550,3.0,27.0,1.0,115.0,6.0,3.0,172.0,1174.0,36.0,34.0,1.0
11200560,96.0,125.0,36.0,263.0,38.0,18.0,482.0,1775.0,437.0,319.0,3.0
11200580,1.0,15.0,1.0,16.0,10.0,1.0,24.0,56.0,24.0,3.0,1.0
11200590,16.0,63.0,1.0,62.0,1.0,1.0,64.0,143.0,31.0,11.0,1.0
11200615,38.0,54.0,1.0,127.0,6.0,23.0,138.0,550.0,87.0,140.0,1.0
11200620,29.0,37.0,6.0,93.0,12.0,12.0,178.0,586.0,192.0,138.0,1.0
11200645,3.0,111.0,1.0,81.0,1.0,1.0,100.0,261.0,36.0,39.0,1.0
11200650,37.0,87.0,6.0,185.0,10.0,10.0,184.0,526.0,100.0,85.0,16.0
11200660,52.0,86.0,1.0,258.0,19.0,12.0,183.0,1303.0,109.0,127.0,14.0
11200670,64.0,21.0,18.0,326.0,12.0,15.0,195.0,1319.0,138.0,335.0,19.0
11200690,60.0,70.0,6.0,499.0,45.0,12.0,285.0,1817.0,242.0,470.0,26.0
11200720,8.0,6.0,1.0,91.0,6.0,29.0,78.0,202.0,42.0,34.0,1.0
11200790,59.0,17.0,15.0,193.0,6.0,6.0,153.0,661.0,125.0,76.0,1.0
11215710,94.0,107.0,1.0,484.0,6.0,110.0,1100.0,4436.0,481.0,690.0,12.0
11215730,153.0,114.0,6.0,282.0,12.0,44.0,555.0,1695.0,380.0,324.0,12.0
11215740,41.0,7.0,1.0,424.0,1.0,4.0,123.0,494.0,102.0,121.0,1.0
11215750,9.0,153.0,1.0,183.0,14.0,12.0,245.0,451.0,78.0,79.0,1.0
11215760,48.0,18.0,1.0,139.0,7.0,18.0,239.0,566.0,126.0,68.0,1.0
11215770,72.0,60.0,14.0,310.0,28.0,1.0,260.0,499.0,120.0,184.0,12.0
11215780,66.0,71.0,6.0,183.0,18.0,39.0,243.0,742.0,219.0,124.0,7.0
11215810,6.0,9.0,1.0,95.0,1.0,6.0,69.0,520.0,42.0,48.0,1.0
11215820,67.0,63.0,12.0,520.0,28.0,4.0,377.0,939.0,214.0,449.0,1.0
11215830,26.0,110.0,1.0,273.0,18.0,1.0,349.0,683.0,148.0,103.0,2.0
11215840,35.0,96.0,12.0,149.0,6.0,6.0,175.0,387.0,42.0,54.0,1.0
11215847,58.0,41.0,1.0,314.0,12.0,23.0,319.0,860.0,173.0,124.0,1.0
11215850,118.0,112.0,24.0,355.0,36.0,25.0,746.0,2006.0,439.0,276.0,13.0
11215860,1.0,22.0,1.0,62.0,13.0,20.0,35.0,79.0,10.0,18.0,1.0
11215870,1242.0,643.0,1.0,311.0,69.0,16.0,380.0,1316.0,329.0,433.0,10.0
11230536,81.0,63.0,5.0,830.0,76.0,76.0,342.0,2549.0,252.0,286.0,18.0
11230545,86.0,44.0,6.0,3766.0,50.0,72.0,209.0,1845.0,811.0,147.0,27.0
11230560,45.0,58.0,6.0,390.0,26.0,40.0,392.0,1322.0,378.0,303.0,4.0
11230570,12.0,5.0,1.0,6.0,12.0,1.0,66.0,137.0,36.0,20.0,1.0
11230600,97.0,97.0,6.0,226.0,16.0,12.0,177.0,654.0,79.0,95.0,23.0
11230610,33.0,137.0,1.0,254.0,6.0,1.0,211.0,622.0,141.0,62.0,1.0
11230650,24.0,98.0,12.0,1104.0,36.0,54.0,528.0,2035.0,311.0,436.0,18.0
11230660,149.0,554.0,18.0,637.0,53.0,71.0,667.0,2026.0,507.0,285.0,16.0
11230705,13.0,11.0,1.0,67.0,1.0,12.0,49.0,194.0,1.0,5.0,1.0
11230710,60.0,70.0,1.0,145.0,17.0,15.0,237.0,1713.0,123.0,198.0,1.0
11230720,25.0,11.0,1.0,143.0,1.0,43.0,231.0,726.0,84.0,87.0,2.0
11230730,10.0,1.0,1.0,123.0,1.0,1.0,89.0,272.0,76.0,24.0,1.0
11230740,17.0,27.0,5.0,156.0,17.0,1.0,160.0,892.0,106.0,79.0,1.0
11230750,1.0,1.0,1.0,9.0,1.0,1.0,6.0,30.0,6.0,13.0,1.0
11260520,60.0,78.0,11.0,472.0,19.0,33.0,459.0,1468.0,288.0,265.0,1.0
11260540,2.0,38.0,1.0,79.0,1.0,1.0,96.0,203.0,12.0,7.0,1.0
11260550,26.0,10.0,1.0,99.0,6.0,17.0,146.0,302.0,14.0,42.0,3.0
11260565,70.0,45.0,21.0,638.0,6.0,15.0,435.0,1302.0,350.0,464.0,1.0
11260570,60.0,89.0,16.0,394.0,28.0,1.0,336.0,669.0,115.0,221.0,1.0
11260575,59.0,113.0,11.0,366.0,18.0,28.0,642.0,1711.0,405.0,310.0,1.0
11260580,40.0,72.0,1.0,132.0,1.0,6.0,152.0,403.0,130.0,39.0,1.0
11260590,79.0,37.0,9.0,353.0,17.0,145.0,482.0,1698.0,241.0,323.0,5.0
11260600,31.0,70.0,18.0,129.0,1.0,6.0,208.0,304.0,114.0,65.0,9.0
11260610,71.0,14.0,16.0,319.0,12.0,17.0,328.0,935.0,158.0,216.0,1.0
11260620,50.0,59.0,1.0,119.0,20.0,1.0,192.0,387.0,77.0,93.0,1.0
11260630,44.0,48.0,1.0,230.0,6.0,1.0,213.0,515.0,70.0,109.0,1.0
11260655,60.0,64.0,13.0,485.0,23.0,26.0,386.0,1090.0,228.0,265.0,14.0
11260660,20.0,11.0,6.0,89.0,1.0,1.0,47.0,158.0,12.0,16.0,1.0
11260680,15.0,200.0,11.0,127.0,24.0,9.0,275.0,837.0,126.0,279.0,8.0
11260690,1.0,86.0,1.0,22.0,15.0,1.0,64.0,78.0,94.0,121.0,1.0
11290525,26.0,18.0,1.0,71.0,6.0,1.0,79.0,358.0,58.0,54.0,1.0
11290555,103.0,282.0,12.0,442.0,29.0,30.0,403.0,1595.0,421.0,275.0,10.0
11290575,94.0,321.0,1.0,249.0,25.0,53.0,685.0,2311.0,303.0,517.0,1.0
11290600,66.0,39.0,1.0,311.0,29.0,12.0,421.0,1963.0,149.0,277.0,1.0
11290610,3.0,11.0,1.0,54.0,1.0,5.0,70.0,112.0,42.0,10.0,1.0
11290620,18.0,42.0,1.0,100.0,1.0,6.0,105.0,298.0,96.0,21.0,1.0
11290630,25.0,93.0,1.0,126.0,1.0,1.0,123.0,270.0,127.0,32.0,1.0
11290640,33.0,36.0,1.0,217.0,6.0,6.0,186.0,600.0,144.0,68.0,1.0
11290650,23.0,77.0,1.0,90.0,8.0,5.0,130.0,306.0,94.0,41.0,1.0
11290660,40.0,144.0,1.0,99.0,6.0,6.0,53.0,191.0,90.0,123.0,6.0
11290685,11.0,148.0,1.0,59.0,19.0,1.0,62.0,143.0,39.0,1.0,1.0
11290705,63.0,240.0,6.0,299.0,24.0,30.0,357.0,949.0,227.0,163.0,1.0
11290715,44.0,50.0,6.0,246.0,18.0,1.0,176.0,552.0,193.0,218.0,1.0
11290725,57.0,18.0,5.0,139.0,30.0,6.0,230.0,839.0,139.0,107.0,1.0
11290760,5.0,39.0,1.0,114.0,6.0,8.0,89.0,292.0,66.0,34.0,1.0
11290770,43.0,24.0,1.0,254.0,1.0,1.0,126.0,443.0,78.0,88.0,6.0
11290810,93.0,51.0,7.0,301.0,34.0,32.0,370.0,1271.0,211.0,175.0,1.0
11305534,42.0,47.0,1.0,115.0,6.0,24.0,186.0,256.0,217.0,58.0,1.0
11305535,101.0,76.0,17.0,322.0,15.0,36.0,446.0,1364.0,329.0,139.0,4.0
11305545,58.0,58.0,6.0,315.0,10.0,94.0,319.0,1277.0,262.0,317.0,1.0
11305555,46.0,71.0,6.0,259.0,24.0,28.0,204.0,853.0,208.0,176.0,2.0
11305575,2.0,50.0,1.0,67.0,1.0,1.0,39.0,283.0,96.0,70.0,1.0
11305590,71.0,87.0,11.0,255.0,26.0,7.0,279.0,577.0,48.0,78.0,2.0
11305600,12.0,1.0,1.0,66.0,1.0,1.0,50.0,68.0,18.0,1.0,1.0
11305606,2.0,1.0,1.0,35.0,1.0,1.0,50.0,94.0,6.0,27.0,1.0
11305610,119.0,71.0,12.0,640.0,6.0,61.0,227.0,731.0,150.0,330.0,3.0
11305620,38.0,69.0,6.0,251.0,6.0,6.0,276.0,470.0,97.0,46.0,3.0
11305630,57.0,85.0,11.0,718.0,25.0,295.0,1330.0,3496.0,815.0,735.0,20.0
11305645,21.0,51.0,3.0,288.0,13.0,17.0,153.0,771.0,78.0,134.0,4.0
11305660,17.0,70.0,18.0,187.0,6.0,1.0,230.0,544.0,56.0,25.0,1.0
11320511,11.0,27.0,18.0,103.0,12.0,1.0,159.0,544.0,187.0,129.0,1.0
11320512,18.0,93.0,6.0,284.0,18.0,1.0,173.0,346.0,96.0,166.0,1.0
11320513,56.0,52.0,1.0,311.0,6.0,1.0,241.0,684.0,150.0,140.0,1.0
11320514,40.0,205.0,1.0,88.0,42.0,22.0,276.0,1096.0,383.0,178.0,1.0
11320515,20.0,169.0,1.0,145.0,8.0,12.0,164.0,449.0,59.0,43.0,1.0
11320521,78.0,30.0,1.0,422.0,18.0,29.0,436.0,1369.0,129.0,118.0,1.0
11320522,22.0,16.0,1.0,30.0,1.0,1.0,58.0,311.0,30.0,6.0,1.0
11320660,7.0,60.0,1.0,176.0,18.0,1.0,116.0,427.0,78.0,26.0,1.0
11320670,48.0,62.0,1.0,124.0,10.0,7.0,214.0,526.0,145.0,196.0,6.0
11320680,49.0,76.0,1.0,243.0,7.0,6.0,241.0,671.0,183.0,157.0,1.0
11320681,1.0,81.0,1.0,31.0,1.0,1.0,54.0,18.0,48.0,1.0,1.0
11320690,133.0,129.0,25.0,469.0,11.0,18.0,567.0,1677.0,225.0,358.0,1.0
11320700,83.0,112.0,18.0,447.0,27.0,7.0,329.0,625.0,117.0,160.0,1.0
11320710,1.0,26.0,1.0,38.0,2.0,1.0,33.0,124.0,85.0,11.0,1.0
11350560,30.0,46.0,1.0,206.0,24.0,12.0,353.0,1133.0,241.0,81.0,1.0
11350570,1.0,1.0,1.0,23.0,1.0,1.0,6.0,30.0,1.0,6.0,1.0
11350595,103.0,101.0,6.0,619.0,36.0,16.0,527.0,1660.0,349.0,391.0,13.0
11350600,32.0,77.0,1.0,140.0,16.0,7.0,180.0,791.0,88.0,108.0,1.0
11350611,1.0,13.0,1.0,107.0,6.0,1.0,47.0,205.0,24.0,2.0,1.0
11350619,13.0,1852.0,1.0,173.0,65.0,1.0,233.0,896.0,370.0,123.0,1.0
11350624,23.0,130.0,12.0,126.0,8.0,1.0,297.0,973.0,164.0,193.0,1.0
11350625,207.0,38.0,1.0,93.0,30.0,1.0,174.0,421.0,180.0,388.0,1.0
11350630,66.0,150.0,6.0,330.0,31.0,6.0,482.0,1277.0,248.0,120.0,1.0
11350640,145.0,306.0,12.0,539.0,69.0,76.0,1087.0,3325.0,1150.0,749.0,1.0
11350665,27.0,6.0,1.0,126.0,1.0,5.0,47.0,236.0,38.0,19.0,1.0
11350670,26.0,76.0,1.0,179.0,14.0,7.0,199.0,496.0,50.0,31.0,1.0
11350695,18.0,94.0,1.0,64.0,1.0,1.0,126.0,236.0,120.0,39.0,1.0
11350710,7.0,284.0,1.0,99.0,24.0,1.0,175.0,319.0,293.0,118.0,6.0
11350720,1.0,50.0,12.0,49.0,1.0,1.0,65.0,38.0,18.0,9.0,1.0
11380510,50.0,79.0,1.0,168.0,25.0,24.0,245.0,678.0,60.0,44.0,1.0
11380520,2.0,13.0,6.0,42.0,12.0,12.0,126.0,514.0,167.0,80.0,1.0
11380530,106.0,152.0,6.0,536.0,62.0,87.0,613.0,1307.0,674.0,633.0,1.0
11380551,46.0,181.0,6.0,292.0,1.0,28.0,536.0,1949.0,236.0,447.0,1.0
11380552,54.0,493.0,6.0,347.0,40.0,1.0,485.0,929.0,316.0,253.0,1.0
11380560,63.0,139.0,6.0,312.0,12.0,1.0,406.0,593.0,64.0,93.0,1.0
11380570,147.0,105.0,12.0,589.0,13.0,80.0,497.0,1615.0,453.0,594.0,1.0
11380580,72.0,173.0,6.0,228.0,22.0,10.0,340.0,843.0,320.0,114.0,1.0
11380590,6.0,1.0,1.0,48.0,1.0,1.0,35.0,74.0,18.0,21.0,1.0
11380600,76.0,108.0,1.0,469.0,24.0,36.0,417.0,1174.0,320.0,371.0,1.0
11380625,43.0,270.0,6.0,340.0,15.0,6.0,525.0,790.0,113.0,165.0,1.0
11380631,16.0,64.0,6.0,112.0,17.0,1.0,326.0,498.0,147.0,76.0,1.0
11380632,18.0,85.0,6.0,123.0,9.0,1.0,143.0,243.0,66.0,24.0,1.0
11380640,29.0,95.0,6.0,213.0,7.0,1.0,200.0,546.0,108.0,84.0,1.0
11380650,1.0,1.0,1.0,2.0,1.0,12.0,21.0,61.0,18.0,24.0,1.0
11380690,11.0,9.0,1.0,12.0,1.0,1.0,7.0,181.0,6.0,12.0,1.0
11410520,21.0,56.0,1.0,186.0,12.0,6.0,63.0,299.0,150.0,123.0,1.0
11410555,294.0,7.0,1.0,87.0,1.0,10.0,56.0,205.0,47.0,60.0,1.0
11410565,19.0,1.0,1.0,128.0,14.0,1.0,82.0,901.0,42.0,37.0,1.0
11410585,130.0,191.0,15.0,548.0,66.0,288.0,1399.0,5584.0,995.0,943.0,1.0
11410615,104.0,142.0,11.0,403.0,30.0,9.0,349.0,1513.0,193.0,226.0,1.0
11410620,42.0,118.0,1.0,235.0,16.0,18.0,251.0,881.0,552.0,254.0,1.0
11410640,17.0,83.0,6.0,415.0,1.0,7.0,155.0,777.0,111.0,82.0,1.0
11410660,36.0,89.0,5.0,197.0,4.0,1.0,73.0,299.0,52.0,80.0,1.0
11410685,34.0,32.0,18.0,189.0,11.0,1.0,204.0,767.0,36.0,73.0,1.0
11410690,11.0,106.0,1.0,123.0,12.0,23.0,88.0,273.0,248.0,285.0,1.0
11410700,20.0,148.0,12.0,242.0,13.0,1.0,217.0,736.0,102.0,87.0,1.0
11410710,5.0,1.0,1.0,42.0,1.0,1.0,18.0,62.0,1.0,1.0,3.0
11410720,51.0,209.0,1.0,268.0,24.0,12.0,303.0,634.0,174.0,105.0,1.0
11440555,23.0,53.0,1.0,307.0,17.0,1.0,83.0,781.0,179.0,144.0,1.0
11440565,58.0,145.0,13.0,258.0,6.0,11.0,355.0,1615.0,491.0,151.0,1.0
11440585,16.0,36.0,1.0,123.0,18.0,17.0,203.0,1384.0,121.0,63.0,1.0
11440590,32.0,152.0,1.0,177.0,37.0,1.0,235.0,1074.0,180.0,114.0,1.0
11440600,19.0,145.0,1.0,99.0,23.0,1.0,144.0,397.0,48.0,9.0,1.0
11440610,34.0,71.0,1.0,165.0,15.0,6.0,144.0,492.0,108.0,284.0,1.0
11440630,24.0,66.0,1.0,160.0,25.0,65.0,72.0,509.0,90.0,22.0,1.0
11440655,30.0,89.0,13.0,189.0,18.0,5.0,314.0,1413.0,61.0,95.0,9.0
11440660,309.0,743.0,37.0,1021.0,186.0,45.0,2614.0,12829.0,967.0,2533.0,104.0
11440680,59.0,107.0,10.0,230.0,21.0,17.0,426.0,2010.0,202.0,243.0,15.0
11440690,58.0,32.0,6.0,403.0,19.0,1.0,249.0,1246.0,165.0,124.0,7.0
11440700,78.0,170.0,16.0,337.0,16.0,1.0,375.0,884.0,171.0,174.0,1.0
11440710,21.0,6.0,1.0,89.0,11.0,4.0,35.0,380.0,18.0,7.0,6.0
11440720,24.0,68.0,1.0,223.0,35.0,1.0,166.0,570.0,81.0,24.0,7.0
11440730,30.0,120.0,6.0,785.0,6.0,1.0,128.0,651.0,60.0,28.0,1.0
11440740,45.0,71.0,1.0,215.0,23.0,1.0,233.0,3065.0,245.0,77.0,1.0
11470510,13.0,520.0,6.0,79.0,35.0,7.0,281.0,980.0,319.0,109.0,1.0
11470520,38.0,80.0,5.0,219.0,6.0,6.0,275.0,505.0,144.0,83.0,1.0
11470530,114.0,77.0,11.0,277.0,7.0,1.0,471.0,1195.0,371.0,319.0,10.0
11470540,27.0,165.0,12.0,357.0,31.0,1.0,367.0,608.0,129.0,110.0,1.0
11470550,65.0,2200.0,1.0,236.0,37.0,1.0,363.0,1504.0,410.0,268.0,6.0
11470560,97.0,49.0,18.0,791.0,18.0,7.0,435.0,1088.0,164.0,350.0,1.0
11470570,49.0,98.0,1.0,234.0,12.0,6.0,146.0,327.0,101.0,83.0,1.0
11470580,40.0,25.0,1.0,215.0,8.0,1.0,150.0,463.0,90.0,87.0,1.0
11470590,42.0,136.0,1.0,194.0,6.0,1.0,252.0,563.0,55.0,42.0,1.0
11470600,23.0,18.0,1.0,151.0,16.0,18.0,174.0,361.0,54.0,37.0,1.0
11470610,12.0,19.0,6.0,83.0,1.0,1.0,79.0,173.0,108.0,78.0,1.0
11470611,90.0,102.0,1.0,187.0,13.0,1.0,286.0,568.0,168.0,110.0,6.0
11470620,34.0,218.0,1.0,224.0,16.0,5.0,201.0,922.0,158.0,126.0,1.0
11470630,45.0,473.0,1.0,251.0,6.0,1.0,270.0,471.0,120.0,101.0,1.0
11470640,16.0,69.0,1.0,78.0,12.0,1.0,109.0,157.0,75.0,6.0,1.0
11470650,104.0,313.0,16.0,505.0,45.0,20.0,995.0,1924.0,725.0,901.0,12.0
11470680,1.0,1.0,1.0,21.0,1.0,1.0,43.0,24.0,1.0,1.0,1.0
11500510,7.0,17.0,1.0,60.0,1.0,12.0,35.0,96.0,30.0,4.0,1.0
11500520,26.0,88.0,1.0,134.0,13.0,1.0,152.0,429.0,31.0,27.0,3.0
11500530,1.0,16.0,1.0,49.0,1.0,1.0,42.0,69.0,1.0,31.0,1.0
11500535,74.0,465.0,18.0,266.0,12.0,1.0,388.0,1070.0,313.0,151.0,3.0
11500540,153.0,198.0,18.0,789.0,52.0,261.0,1113.0,2945.0,800.0,542.0,18.0
11500550,57.0,160.0,6.0,151.0,32.0,1.0,172.0,328.0,72.0,104.0,6.0
11500560,33.0,87.0,6.0,142.0,1.0,1.0,207.0,409.0,80.0,92.0,1.0
11500570,159.0,125.0,12.0,600.0,35.0,5.0,531.0,1189.0,362.0,361.0,1.0
11500590,58.0,203.0,6.0,396.0,36.0,55.0,257.0,705.0,154.0,137.0,1.0
11500591,28.0,72.0,12.0,306.0,6.0,86.0,432.0,1625.0,197.0,285.0,1.0
11500593,46.0,39.0,7.0,398.0,6.0,1.0,281.0,564.0,238.0,219.0,1.0
11500603,75.0,72.0,9.0,360.0,38.0,1.0,471.0,2526.0,296.0,142.0,6.0
11500605,6.0,36.0,1.0,18.0,1.0,1.0,12.0,65.0,54.0,1.0,1.0
11500611,47.0,289.0,1.0,803.0,30.0,1.0,234.0,627.0,291.0,166.0,2.0
11500615,42.0,402.0,6.0,156.0,27.0,1.0,284.0,468.0,126.0,87.0,9.0
11500620,57.0,83.0,1.0,446.0,12.0,27.0,351.0,1240.0,200.0,138.0,1.0
11500630,100.0,140.0,5.0,528.0,14.0,8.0,483.0,907.0,273.0,266.0,1.0
11500640,29.0,28.0,1.0,186.0,11.0,25.0,264.0,588.0,107.0,118.0,1.0
11500641,6.0,6.0,1.0,36.0,12.0,1.0,57.0,279.0,36.0,1.0,1.0
11530510,15.0,6.0,1.0,35.0,1.0,1.0,37.0,189.0,1.0,1.0,1.0
11530530,2146.0,26.0,1.0,1061.0,79.0,88.0,564.0,2342.0,347.0,422.0,15.0
11530540,179.0,84.0,3.0,450.0,93.0,30.0,593.0,3440.0,429.0,373.0,47.0
11530550,58.0,67.0,1.0,275.0,4.0,22.0,376.0,1259.0,269.0,289.0,1.0
11530560,388.0,110.0,1.0,402.0,76.0,29.0,472.0,2264.0,267.0,592.0,3.0
11530595,72.0,28.0,1.0,418.0,9.0,43.0,227.0,1000.0,75.0,68.0,1.0
11530720,41.0,24.0,6.0,221.0,21.0,1.0,252.0,778.0,96.0,89.0,1.0
11530730,88.0,124.0,1.0,565.0,18.0,1.0,485.0,1052.0,203.0,220.0,1.0
11530740,12.0,58.0,12.0,189.0,6.0,18.0,206.0,562.0,90.0,39.0,1.0
11530750,26.0,27.0,1.0,150.0,1.0,6.0,179.0,252.0,127.0,61.0,1.0
11530760,89.0,245.0,1.0,234.0,24.0,1.0,453.0,821.0,227.0,115.0,5.0
11530770,45.0,59.0,1.0,235.0,7.0,97.0,287.0,696.0,289.0,163.0,2.0
11530780,23.0,66.0,1.0,177.0,1.0,1.0,216.0,562.0,108.0,60.0,1.0
11530790,29.0,72.0,2.0,213.0,24.0,1.0,184.0,509.0,63.0,28.0,1.0
11545510,165.0,39.0,17.0,889.0,245.0,109.0,552.0,5210.0,533.0,581.0,129.0
11545610,112.0,55.0,6.0,1290.0,76.0,52.0,568.0,1781.0,320.0,161.0,11.0
11545620,61.0,91.0,1.0,232.0,6.0,2.0,310.0,509.0,142.0,85.0,1.0
11545630,127.0,47.0,1.0,576.0,24.0,13.0,447.0,1255.0,207.0,326.0,1.0
11545640,27.0,44.0,16.0,222.0,6.0,28.0,308.0,917.0,48.0,76.0,1.0
11545670,138.0,146.0,20.0,734.0,18.0,80.0,601.0,2233.0,549.0,482.0,1.0
11545680,1.0,38.0,1.0,33.0,6.0,1.0,52.0,117.0,30.0,13.0,1.0
11545690,26.0,44.0,6.0,124.0,16.0,1.0,131.0,369.0,55.0,29.0,1.0
11545700,12.0,67.0,6.0,252.0,12.0,1.0,182.0,404.0,174.0,78.0,1.0
11545710,22.0,99.0,1.0,360.0,1.0,1.0,275.0,553.0,258.0,121.0,1.0
11560515,14.0,13.0,6.0,104.0,1.0,6.0,30.0,269.0,34.0,189.0,1.0
11560535,338.0,71.0,12.0,983.0,84.0,343.0,654.0,3457.0,771.0,1324.0,8.0
11560540,132.0,439.0,6.0,632.0,130.0,6.0,552.0,6566.0,815.0,473.0,19.0
11560550,90.0,51.0,17.0,719.0,25.0,42.0,411.0,2119.0,204.0,182.0,13.0
11560560,42.0,159.0,2.0,256.0,19.0,18.0,371.0,1560.0,376.0,202.0,6.0
11560585,23.0,100.0,6.0,220.0,18.0,6.0,239.0,538.0,147.0,69.0,1.0
11560605,25.0,22.0,8.0,367.0,11.0,8.0,167.0,1416.0,179.0,61.0,6.0
11560610,18.0,10.0,1.0,115.0,6.0,6.0,76.0,495.0,48.0,33.0,8.0
11560620,23.0,73.0,18.0,202.0,24.0,24.0,198.0,1167.0,160.0,59.0,13.0
11560630,68.0,44.0,1.0,254.0,24.0,30.0,323.0,699.0,161.0,102.0,1.0
11560650,20.0,27.0,6.0,195.0,6.0,1.0,83.0,160.0,74.0,69.0,6.0
11560660,7.0,1.0,1.0,50.0,1.0,2.0,29.0,120.0,12.0,108.0,1.0
11560670,12.0,23.0,1.0,85.0,1.0,30.0,105.0,280.0,12.0,27.0,1.0
11560680,16.0,41.0,8.0,176.0,11.0,10.0,161.0,481.0,90.0,39.0,1.0
11560690,18.0,45.0,1.0,98.0,1.0,2.0,124.0,310.0,88.0,27.0,1.0
11560700,31.0,31.0,1.0,291.0,1.0,19.0,162.0,385.0,144.0,119.0,6.0
11560710,48.0,38.0,4.0,322.0,12.0,18.0,344.0,1031.0,65.0,187.0,1.0
11560720,53.0,102.0,1.0,448.0,41.0,1.0,606.0,1789.0,477.0,392.0,1.0
11590510,59.0,120.0,6.0,2260.0,79.0,66.0,340.0,2416.0,208.0,143.0,1.0
11590520,11.0,6.0,5.0,117.0,1.0,13.0,110.0,437.0,55.0,65.0,1.0
11590530,51.0,272.0,12.0,333.0,12.0,8.0,441.0,1517.0,289.0,132.0,4.0
11590540,64.0,80.0,6.0,227.0,6.0,9.0,242.0,733.0,158.0,180.0,1.0
11590550,26.0,39.0,1.0,164.0,1.0,1.0,248.0,379.0,132.0,259.0,1.0
11590560,20.0,84.0,1.0,158.0,1.0,1.0,164.0,374.0,115.0,39.0,1.0
11590605,29.0,66.0,1.0,131.0,10.0,6.0,160.0,839.0,54.0,82.0,1.0
11590620,50.0,91.0,11.0,320.0,12.0,4.0,363.0,1271.0,200.0,126.0,6.0
11590630,78.0,90.0,15.0,409.0,24.0,23.0,654.0,2298.0,885.0,287.0,5.0
11590640,19.0,47.0,1.0,102.0,1.0,3.0,64.0,144.0,12.0,16.0,1.0
11590650,21.0,67.0,1.0,248.0,12.0,5.0,307.0,545.0,274.0,97.0,1.0
11590651,22.0,32.0,1.0,65.0,8.0,1.0,40.0,60.0,1.0,1.0,1.0
11590660,41.0,480.0,6.0,244.0,52.0,18.0,343.0,1215.0,436.0,175.0,1.0
11590670,12.0,34.0,6.0,172.0,12.0,11.0,201.0,454.0,132.0,74.0,1.0
11590680,27.0,64.0,1.0,213.0,17.0,1.0,321.0,1203.0,170.0,81.0,1.0
11620525,29.0,91.0,18.0,221.0,11.0,1.0,298.0,546.0,138.0,87.0,1.0
11620545,1.0,1.0,1.0,1.0,1.0,1.0,4.0,5.0,1.0,1.0,1.0
11620565,5.0,152.0,1.0,28.0,1.0,1.0,42.0,56.0,36.0,3.0,1.0
11620575,34.0,77.0,6.0,206.0,18.0,1.0,227.0,353.0,158.0,152.0,2.0
11620585,12.0,23.0,1.0,166.0,1.0,1.0,108.0,1098.0,93.0,1.0,1.0
11620595,108.0,181.0,16.0,479.0,24.0,111.0,775.0,2422.0,680.0,914.0,3.0
11620605,12.0,1.0,6.0,105.0,1.0,1.0,93.0,302.0,24.0,45.0,6.0
11620615,27.0,57.0,6.0,148.0,1.0,1.0,163.0,582.0,217.0,94.0,1.0
11620625,12.0,43.0,6.0,340.0,18.0,1.0,183.0,612.0,150.0,114.0,1.0
11620630,3.0,56.0,1.0,174.0,6.0,1.0,138.0,340.0,107.0,38.0,1.0
11620645,26.0,31.0,1.0,90.0,1.0,39.0,249.0,1282.0,62.0,161.0,1.0
11620655,52.0,64.0,6.0,356.0,12.0,1.0,242.0,619.0,104.0,142.0,1.0
11620665,35.0,62.0,1.0,172.0,12.0,1.0,170.0,604.0,98.0,47.0,1.0
11620685,71.0,83.0,14.0,468.0,12.0,6.0,454.0,848.0,209.0,102.0,1.0
11620695,74.0,63.0,6.0,419.0,14.0,327.0,682.0,2134.0,466.0,743.0,6.0
11620715,1.0,5.0,1.0,42.0,1.0,1.0,15.0,30.0,18.0,1.0,1.0
11620725,36.0,39.0,6.0,341.0,12.0,12.0,222.0,758.0,140.0,329.0,3.0
11620735,22.0,89.0,6.0,264.0,74.0,4.0,433.0,1759.0,244.0,49.0,1.0
11620745,55.0,41.0,1.0,248.0,6.0,1.0,51.0,254.0,78.0,110.0,1.0
11620765,95.0,134.0,6.0,329.0,14.0,1.0,346.0,650.0,181.0,205.0,1.0
11620775,58.0,73.0,1.0,267.0,6.0,1.0,273.0,529.0,281.0,150.0,1.0
11650510,597.0,305.0,1.0,557.0,219.0,33.0,795.0,3704.0,1039.0,382.0,11.0
11650520,237.0,656.0,12.0,806.0,161.0,51.0,1467.0,6490.0,3099.0,1569.0,15.0
11650530,88.0,376.0,7.0,460.0,124.0,69.0,392.0,2628.0,303.0,163.0,11.0
11650540,37.0,206.0,15.0,258.0,30.0,19.0,384.0,1918.0,1250.0,257.0,14.0
11650550,22.0,71.0,1.0,55.0,12.0,1.0,45.0,93.0,18.0,111.0,1.0
11650560,18.0,18.0,17.0,155.0,6.0,3.0,178.0,363.0,10.0,43.0,2.0
11650581,577.0,1307.0,6.0,489.0,67.0,10.0,549.0,2152.0,694.0,1055.0,6.0
11650590,154.0,137.0,5.0,162.0,15.0,17.0,325.0,974.0,141.0,150.0,1.0
11650600,53.0,271.0,1.0,285.0,25.0,6.0,482.0,1155.0,469.0,138.0,10.0
11650610,62.0,128.0,12.0,243.0,26.0,68.0,431.0,2164.0,230.0,192.0,1.0
11650620,9.0,34.0,1.0,74.0,10.0,1.0,72.0,164.0,30.0,9.0,1.0
11650621,66.0,215.0,4.0,318.0,27.0,6.0,311.0,994.0,208.0,217.0,1.0
11650651,112.0,97.0,9.0,338.0,31.0,6.0,410.0,1717.0,183.0,104.0,13.0
11650652,786.0,118.0,10.0,842.0,107.0,6.0,687.0,2819.0,382.0,303.0,11.0
11650660,38.0,1.0,1.0,18.0,1.0,1.0,12.0,82.0,12.0,1.0,1.0
11680510,91.0,886.0,35.0,276.0,75.0,12.0,861.0,3156.0,2126.0,1114.0,29.0
11680521,453.0,203.0,23.0,1057.0,38.0,29.0,1636.0,5436.0,1700.0,857.0,28.0
11680531,149.0,145.0,21.0,604.0,41.0,36.0,766.0,2875.0,804.0,470.0,11.0
11680545,207.0,432.0,4.0,614.0,84.0,14.0,1691.0,4301.0,1838.0,2023.0,42.0
11680565,194.0,328.0,15.0,460.0,32.0,1.0,1080.0,1808.0,934.0,866.0,10.0
11680580,171.0,27.0,1.0,273.0,61.0,8.0,181.0,1337.0,119.0,1095.0,28.0
11680590,237.0,569.0,35.0,940.0,117.0,81.0,1229.0,6604.0,1319.0,746.0,41.0
11680600,13.0,713.0,1.0,144.0,19.0,1.0,157.0,378.0,341.0,102.0,1.0
11680610,46.0,220.0,1.0,207.0,54.0,1.0,169.0,1356.0,267.0,211.0,2.0
11680630,111.0,3858.0,37.0,545.0,119.0,4.0,721.0,2039.0,765.0,370.0,8.0
11680640,324.0,375.0,21.0,1376.0,227.0,182.0,1796.0,8214.0,1183.0,682.0,38.0
11680650,45.0,86.0,4.0,252.0,19.0,1.0,173.0,492.0,229.0,83.0,12.0
11680655,1.0,6.0,1.0,28.0,1.0,1.0,17.0,44.0,42.0,13.0,1.0
11680656,27.0,11.0,1.0,104.0,18.0,1.0,99.0,796.0,81.0,83.0,1.0
11680660,1.0,1.0,1.0,1.0,1.0,1.0,6.0,1.0,1.0,1.0,1.0
11680670,9.0,273.0,1.0,198.0,18.0,1.0,204.0,574.0,200.0,221.0,9.0
11680690,36.0,92.0,1.0,194.0,5.0,1.0,140.0,465.0,52.0,37.0,9.0
11680700,8.0,61.0,1.0,140.0,6.0,1.0,68.0,447.0,79.0,10.0,1.0
11680730,32.0,92.0,1.0,242.0,24.0,1.0,256.0,797.0,200.0,95.0,1.0
11680750,28.0,35.0,1.0,106.0,18.0,1.0,173.0,743.0,205.0,107.0,1.0
11710510,48.0,22.0,7.0,122.0,12.0,1.0,123.0,291.0,90.0,63.0,1.0
11710531,13.0,25.0,1.0,92.0,1.0,18.0,130.0,267.0,35.0,37.0,1.0
11710532,29.0,65.0,1.0,89.0,6.0,1.0,199.0,434.0,261.0,235.0,1.0
11710540,45.0,52.0,12.0,174.0,12.0,10.0,186.0,512.0,232.0,115.0,1.0
11710550,79.0,26.0,1.0,379.0,12.0,1.0,204.0,496.0,138.0,292.0,1.0
11710561,20.0,852.0,1.0,178.0,37.0,5.0,382.0,1178.0,352.0,102.0,12.0
11710562,137.0,158.0,22.0,552.0,72.0,229.0,757.0,2779.0,480.0,296.0,5.0
11710566,185.0,50.0,1.0,278.0,46.0,135.0,339.0,1424.0,157.0,1243.0,1.0
11710570,43.0,300.0,6.0,465.0,6.0,1.0,373.0,831.0,74.0,116.0,9.0
11710580,118.0,191.0,6.0,350.0,45.0,2.0,566.0,1380.0,385.0,198.0,3.0
11710590,3.0,21.0,1.0,46.0,1.0,1.0,30.0,70.0,12.0,5.0,1.0
11710600,118.0,230.0,22.0,458.0,57.0,12.0,544.0,1455.0,399.0,297.0,1.0
11710610,135.0,254.0,10.0,505.0,24.0,19.0,637.0,1197.0,312.0,92.0,5.0
11710620,115.0,171.0,5.0,500.0,35.0,10.0,937.0,2528.0,477.0,398.0,12.0
11710631,1.0,1.0,1.0,938.0,1.0,1.0,1.0,415.0,55.0,6.0,1.0
11710632,34.0,190.0,1.0,283.0,18.0,1.0,353.0,575.0,196.0,43.0,1.0
11710641,91.0,112.0,19.0,277.0,5.0,1.0,431.0,870.0,166.0,416.0,3.0
11710642,277.0,123.0,11.0,461.0,112.0,1.0,175.0,2974.0,461.0,384.0,23.0
11710646,32.0,62.0,6.0,160.0,14.0,1.0,176.0,472.0,84.0,7.0,1.0
11710647,1.0,1.0,1.0,10.0,1.0,1.0,17.0,13.0,1.0,1.0,1.0
11710650,207.0,988.0,30.0,1042.0,64.0,129.0,1500.0,3947.0,1230.0,824.0,9.0
11710690,1.0,9.0,1.0,15.0,1.0,1.0,40.0,36.0,30.0,6.0,1.0
11710710,24.0,59.0,1.0,139.0,7.0,1.0,153.0,921.0,325.0,155.0,9.0
11740515,3.0,188.0,1.0,30.0,12.0,1.0,71.0,185.0,126.0,32.0,1.0
11740520,7.0,61.0,3.0,149.0,16.0,1.0,148.0,719.0,87.0,20.0,5.0
11740530,51.0,298.0,16.0,322.0,37.0,12.0,520.0,1167.0,445.0,341.0,1.0
11740540,22.0,935.0,1.0,134.0,38.0,1.0,256.0,749.0,248.0,188.0,1.0
11740550,6.0,101.0,1.0,120.0,12.0,1.0,89.0,253.0,39.0,21.0,1.0
11740560,6.0,55.0,1.0,160.0,1.0,1.0,125.0,358.0,110.0,25.0,1.0
11740570,54.0,58.0,18.0,514.0,11.0,19.0,444.0,915.0,129.0,167.0,1.0
11740580,18.0,126.0,12.0,109.0,1.0,3.0,308.0,685.0,307.0,94.0,1.0
11740600,37.0,182.0,1.0,317.0,1.0,1.0,315.0,630.0,300.0,87.0,1.0
11740610,123.0,196.0,14.0,780.0,48.0,138.0,999.0,3013.0,1107.0,901.0,9.0
11740620,9.0,14.0,5.0,157.0,6.0,24.0,149.0,424.0,77.0,56.0,1.0
11740640,46.0,92.0,2.0,153.0,49.0,1.0,327.0,1241.0,135.0,70.0,3.0
11740650,85.0,70.0,1.0,325.0,6.0,6.0,371.0,872.0,63.0,112.0,3.0
11740660,129.0,367.0,12.0,591.0,34.0,11.0,779.0,2001.0,532.0,266.0,4.0
11740685,109.0,305.0,26.0,785.0,33.0,131.0,963.0,2512.0,837.0,393.0,1.0
11740700,43.0,103.0,17.0,216.0,29.0,6.0,303.0,628.0,123.0,106.0,1.0
