행정동_코드,가구 및 가전제품,교육,기타,생필품,서적 및 문구,숙박,여가,음식점,의료,의류 및 패션,전자상거래업
11110515,900019561.0,503726355.0,1.0,23236048130.0,4178102607.0,166996509.0,1113962772.0,19816360258.0,861239786.0,1337447555.0,2356129950.0
11110530,8070278208.0,4904666886.0,1.0,41839134183.0,9333296335.0,356105557.0,9128679931.0,309346012700.0,39169225252.0,18557955065.0,3000000.0
11110540,930579.0,1.0,1.0,2765910310.0,17887050.0,1.0,17811621.0,43950390179.0,208412602.0,14122030339.0,1.0
11110550,89185814.0,2472498953.0,1.0,6145914205.0,16783366.0,173341784.0,1251440004.0,15006353951.0,1025686692.0,1249590787.0,1.0
11110560,1145096011.0,5170692663.0,1045625.0,18309064608.0,377056684.0,310117469.0,759429967.0,21093365919.0,5770577192.0,1316162847.0,3571429.0
11110570,7038985201.0,2331015821.0,1.0,11957730619.0,45920000.0,76866437.0,831817366.0,7467018331.0,14351356438.0,908190829.0,1.0
11110580,1672044807.0,2888072458.0,1.0,9793350208.0,606160350.0,260697116.0,1846594780.0,52862562317.0,21134556058.0,475111493.0,1.0
11110600,1052349977.0,299460929.0,1.0,15747650479.0,649776655.0,1.0,890578159.0,66662756180.0,6194419386.0,9528751819.0,13650904.0
11110615,201432918052.0,48960344137.0,4024961927.0,165744292103.0,217892824103.0,32565899155.0,72929867813.0,970623017514.0,277833243198.0,583981957358.0,31378407254.0
11110630,59006968657.0,49333333.0,37144705.0,21634691361.0,5645136776.0,1986042085.0,31622780103.0,73202038430.0,111112225945.0,31844244743.0,1351542066.0
11110640,504974596.0,1151172823.0,1.0,21022585647.0,10275583547.0,225364765.0,1120208256.0,37534865871.0,7267247062.0,2848224742.0,1573607783.0
11110650,4851712554.0,6251258630.0,1.0,39617669656.0,2716692541.0,1002292252.0,11691593138.0,199404175744.0,19921859687.0,37592417498.0,1.0
11110670,5704548492.0,315386586.0,3937590340.0,30876223380.0,91153766517.0,6530691537.0,5359514285.0,48608100054.0,32485808061.0,42519370399.0,352081302.0
11110680,135344692.0,195330660.0,144089110.0,19138358792.0,1.0,9482237.0,918057283.0,16181879192.0,3659140203.0,3109396730.0,1.0
11110690,1.0,536638742.0,1.0,1413679878.0,1.0,1.0,164691620.0,1637796081.0,1.0,121016552.0,1.0
11110700,32965157.0,437946878.0,1.0,6384986004.0,1.0,70000000.0,237109964.0,2880696644.0,3894696962.0,57573975.0,1.0
11110710,5603096672.0,215252941.0,1.0,13513151231.0,1286610759.0,210676515.0,2563224830.0,15749033313.0,2288441221.0,7927917006.0,1.0
11140520,25916874504.0,11112302846.0,1314341136.0,259430565597.0,26967471228.0,30935764384.0,37370373676.0,861703131162.0,206781648678.0,747800873854.0,2149107365.0
11140540,19468547100.0,1.0,1183477709.0,119723223239.0,22350699875.0,8204197368.0,14833045428.0,156183459687.0,98784359792.0,285414987264.0,525940604.0
11140550,10858533695.0,2036606005.0,61067473.0,118229696165.0,12383050003.0,6943581790.0,26938767827.0,511497886157.0,125970099061.0,345954410629.0,2384132522.0
11140570,23334085432.0,3938236007.0,1637926777.0,23231934271.0,15167062419.0,2123792252.0,5695939206.0,114119856514.0,16520817857.0,4266719460.0,1.0
11140580,2591398460.0,67263035.0,302219107.0,15611463604.0,4299737803.0,449827660.0,1721982571.0,38025316245.0,3817846643.0,7589868788.0,622278554.0
11140590,103930424627.0,178182104.0,523447938.0,202910748073.0,29044538924.0,6903550571.0,182357337822.0,263799957810.0,68676945608.0,1097097506198.0,69044222020.0
11140605,329999081447.0,92419277.0,1.0,67344606984.0,33019662842.0,2789283594.0,4145483679.0,160727595055.0,18599577621.0,26017954507.0,20016111283.0
11140615,7407888363.0,203136994.0,1.0,41161625902.0,348793102.0,945878631.0,10415827545.0,72247007752.0,20516678294.0,103372521438.0,1073723155.0
11140625,2708289065.0,5204975918.0,1.0,26091933856.0,10174774359.0,1190150373.0,7392019277.0,71606373848.0,49073847348.0,20093272808.0,6103275072.0
11140635,1111135817.0,523541692.0,1.0,20957234266.0,1.0,38082094.0,1419638608.0,11386833541.0,8480488547.0,2830932885.0,1.0
11140645,773406798.0,978965968.0,71815385.0,3924422265.0,1.0,1.0,1008498316.0,6093953003.0,1620081320.0,7773161163.0,39019579.0
11140650,3442011523.0,701037194.0,1.0,28499346103.0,39081728.0,425852736.0,3011486279.0,20070569263.0,21523235910.0,10579063720.0,225700.0
11140665,35697152.0,399702775.0,26062954.0,3176079738.0,1.0,69569450.0,2056972922.0,9120917438.0,7533541747.0,6447184516.0,1160020609.0
11140670,61191737978.0,851921880.0,1.0,35900912835.0,558200826.0,835001801.0,618607547.0,26179522069.0,8022075431.0,8042261177.0,1.0
11140680,9480104145.0,217015134.0,1.0,16060665768.0,3518213613.0,309997327.0,1428945823.0,32885372599.0,23378548401.0,3270127384.0,3661903.0
11170510,703361666.0,1115074030.0,33449089.0,36975946787.0,60845417.0,200587412.0,5390142347.0,36768423081.0,13160961290.0,4349076992.0,29467463.0
11170520,415935280.0,2040198614.0,1.0,8640848339.0,1.0,1.0,480756360.0,18457071478.0,605993290.0,258867475.0,1.0
11170530,4238864068.0,854853083.0,1.0,20611696479.0,793969780.0,3448096611.0,10031549265.0,97754103084.0,29777495657.0,12691081157.0,4931531.0
11170555,2950653646.0,90441944.0,1.0,36922737894.0,1462093236.0,498942575.0,9681649382.0,66348019750.0,5601915486.0,6955742151.0,15105453.0
11170560,54922685130.0,158904427.0,1.0,6537536954.0,3363000000.0,1.0,400271066.0,26417621470.0,4455604920.0,798553664.0,1356072160.0
11170570,2941653574560.0,394941921.0,1.0,38084777512.0,30898315344.0,20969226.0,4579506328.0,39303692328.0,16432143949.0,104492656.0,35469959242.0
11170580,262141086.0,2183299174.0,1.0,10111530279.0,1.0,1.0,419856098.0,8193996508.0,3637545632.0,5826444357.0,2140528568.0
11170590,8388770321.0,549870621.0,98422424.0,43957437640.0,991419743.0,204730712.0,3179420992.0,27221349092.0,14363159781.0,5276389896.0,5402294558.0
11170625,170253099515.0,527632733.0,232665271.0,60381443467.0,26948393594.0,2032588218.0,9035535088.0,189490681909.0,16354281646.0,36217302907.0,245785628.0
11170630,4417255525.0,8627326461.0,1.0,31156844461.0,86100913.0,1.0,6259646384.0,39112009141.0,16280625928.0,4933968442.0,1.0
11170640,3889881652.0,977515352.0,1.0,6729300705.0,1.0,1.0,142071547.0,1615563794.0,1433183248.0,1.0,1.0
11170650,3433418649.0,2412333333.0,82946572.0,159205714718.0,8448667882.0,3619821601.0,28580150501.0,473851075885.0,16144207809.0,214617738808.0,5770399932.0
11170660,1289851253.0,381070000.0,147589829.0,14866746209.0,20674986.0,119255644.0,2017585032.0,45736105859.0,9230547234.0,2533982631.0,56144907.0
11170685,4316031166.0,5502675320.0,1.0,25787443937.0,1485966318.0,1.0,25893386012.0,129163586489.0,22425186183.0,11066555481.0,8502179008.0
11170690,1.0,506012684.0,1.0,9264072106.0,1.0,135000000.0,4152500789.0,7421161248.0,289799005.0,78289727.0,164497286.0
11170700,799952088.0,1881851688.0,178445366.0,12018030134.0,1.0,9060402.0,1731601531.0,16309901234.0,8693968419.0,507534334.0,765103344.0
11200520,989560444.0,244679840.0,45991170.0,4106293633.0,304949271.0,111373282.0,2427091334.0,7336998483.0,7407824603.0,2769986376.0,1.0
11200535,537694919.0,275509425.0,411318200.0,15649685675.0,87016962.0,3025177709.0,6692708937.0,49769046525.0,8211288628.0,6673734680.0,17484021631.0
11200540,260713005.0,1486964877.0,346532073.0,45314114571.0,99765258.0,98166268.0,2780972043.0,54427469272.0,13852541697.0,1238695808.0,86719530.0
11200550,35244924.0,740709316.0,1.0,9639972215.0,143545841.0,659399950.0,14762181022.0,64197184818.0,2570254133.0,3977834906.0,1.0
11200560,10251955361.0,5285407062.0,927213389.0,58707156980.0,15424026721.0,865833008.0,28844136605.0,120591729839.0,58265432364.0,50065057318.0,1.0
11200580,1.0,257071161.0,1.0,695639293.0,269270444.0,1.0,101426253.0,2446891727.0,1485797831.0,472059348.0,1.0
11200590,206409996.0,3213493142.0,1.0,7317155373.0,1.0,1.0,1478370396.0,5049426292.0,4139064676.0,1215727376.0,1.0
11200615,305137847.0,930731243.0,1.0,12223116896.0,127101669.0,125838672.0,1438640181.0,16897973874.0,9950060423.0,4877584157.0,130783958.0
11200620,1212303527.0,600651129.0,124144048.0,10812361266.0,264939024.0,109656949.0,4241289433.0,18933822779.0,24363791310.0,5937715990.0,1.0
11200645,18654809.0,2928530864.0,1.0,23283514202.0,1.0,1.0,3456747371.0,11168797523.0,1516701640.0,895687600.0,3408128454.0
11200650,1397199048.0,2207010194.0,1440262780.0,39666090311.0,3220610353.0,68043937.0,7266826231.0,20605876793.0,10329955685.0,21210314936.0,6379081866.0
11200660,19132569125.0,3114568398.0,1.0,40841195716.0,1023724437.0,524501159.0,3843319810.0,75626011232.0,29553200373.0,21485680588.0,17374274125.0
11200670,2482672698.0,545696509.0,986637741.0,37677224754.0,3775739033.0,229805253.0,5329176276.0,43652858575.0,17254335841.0,90707128718.0,11322426288.0
11200690,9416749245.0,3529457203.0,21056205.0,60545168409.0,10267215176.0,1305507470.0,13187888914.0,93789759624.0,34684540467.0,73528280894.0,13875312466.0
11200720,1418536330.0,64587698.0,30837267.0,7625826931.0,13292074.0,463352714.0,695104291.0,5661125539.0,3835285362.0,561409348.0,1.0
11200790,5337861345.0,688893139.0,425865700.0,16756675690.0,1.0,1709260973.0,4225730782.0,27365956503.0,14496610415.0,2293043746.0,1.0
11215710,5095520268.0,8106932027.0,1.0,114268975398.0,2605201861.0,5484517149.0,46215873833.0,296864743432.0,64608834711.0,99038037349.0,38636666.0
11215730,52833870741.0,4889554121.0,82684909.0,37244270817.0,956851795.0,2035492265.0,11952580294.0,86416334250.0,55799336844.0,20698641012.0,3652268097.0
11215740,1625459611.0,239420710.0,25226862.0,32183955077.0,4851800.0,6185883.0,6706690153.0,13459636707.0,7029518247.0,6694821713.0,1.0
11215750,143079637.0,4638888121.0,1.0,19065871896.0,2533251605.0,185821585.0,2773085205.0,15391234883.0,10002957482.0,2215202497.0,117912817.0
11215760,4198523216.0,678801465.0,1.0,13810078715.0,36858110.0,422675185.0,6372761499.0,15810819889.0,12907823246.0,1647163853.0,1.0
11215770,4057297829.0,2746809912.0,231460278.0,24161634046.0,829731075.0,1.0,3296751866.0,15532517070.0,10032486020.0,7018138138.0,612722777.0
11215780,43058317590.0,3090839713.0,510116765.0,24038681517.0,784770050.0,1100826319.0,4950545617.0,40271806176.0,30938341970.0,17801698733.0,4646894117.0
11215810,601962295.0,66785245.0,1.0,10120764164.0,1300505644.0,282905265.0,5085636060.0,23652964177.0,2914414178.0,5493697563.0,74898305.0
11215820,1823432209.0,3630835730.0,87954477.0,42508448547.0,2277212355.0,451251093.0,5315390567.0,33474979732.0,21095315230.0,14151745332.0,423160998.0
11215830,1035716819.0,3613944328.0,1.0,20164712454.0,337149566.0,1.0,5581264241.0,23752820394.0,15713911790.0,1585199436.0,508000000.0
11215840,487206254.0,3025613210.0,95720558.0,8724235009.0,44391588.0,86550898.0,1819654778.0,11595415982.0,3756939738.0,896625942.0,1.0
11215847,1980219313.0,1044604685.0,137220227.0,28977542540.0,295862397.0,1272584785.0,8255585327.0,36264415078.0,15079922157.0,4303207492.0,460543402.0
11215850,23580762866.0,5983101148.0,3184162592.0,76706996722.0,2126312954.0,1405370348.0,15245937836.0,100535661936.0,45236781273.0,11571822706.0,2229082796.0
11215860,410889.0,161415429.0,1.0,7163675054.0,236607295.0,646879807.0,558439010.0,1041900651.0,714115304.0,111291699.0,177442217.0
11215870,301995935468.0,36953115301.0,36462962.0,57602978935.0,9167542669.0,615034031.0,13188933467.0,96929137188.0,53809282771.0,44655963263.0,8333122935.0
11230536,15713337615.0,34362040916.0,8198974.0,72882880080.0,6995267961.0,3173605943.0,7869502111.0,122883505752.0,42786851238.0,14335257832.0,12325620832.0
11230545,10390049243.0,997181503.0,1363400761.0,839168879984.0,9581662464.0,566141321.0,5429538543.0,61969770500.0,62276875966.0,9576969254.0,5047606131.0
11230560,7929476596.0,1086718691.0,79547263.0,48299129184.0,6020779317.0,2436418623.0,14574176042.0,93242329754.0,60974040171.0,27203383354.0,52404524.0
11230570,241467496.0,106212121.0,1.0,1584812366.0,1643260935.0,1.0,1259389060.0,5435205742.0,7860802433.0,322440037.0,1.0
11230600,12278378513.0,4940684680.0,156120386.0,28948863567.0,707858375.0,221008523.0,3429990940.0,22126002830.0,7708650428.0,1903547209.0,22410773131.0
11230610,940908951.0,7009088253.0,1.0,26088534976.0,30190808.0,1.0,2924472166.0,19872463130.0,26162515889.0,1638404061.0,1.0
11230650,2362664251.0,5332198780.0,96872316.0,107126366759.0,1925606819.0,3277860654.0,10908894867.0,88808131161.0,55510838803.0,29293805206.0,369511312.0
11230660,35520261270.0,28407511840.0,791100799.0,85257524042.0,2201321817.0,6901867534.0,14787994645.0,102750417522.0,51022563937.0,23324006260.0,2116879262.0
11230705,564581408.0,79372331.0,1.0,6021876378.0,790996.0,126637913.0,507481790.0,4313073459.0,1.0,40463193.0,723000000.0
11230710,2210784001.0,2402236877.0,1.0,20266744242.0,1702689806.0,742882330.0,10479010448.0,81103124211.0,22269984081.0,11618854399.0,7577777.0
11230720,5917546013.0,70615957.0,1.0,16327798130.0,1.0,2226146760.0,5880976957.0,37037595711.0,8499564534.0,2349708064.0,1.0
11230730,201339354.0,21385082.0,68458021.0,13195194915.0,1.0,1.0,1901926598.0,8606432434.0,25001825527.0,1269312111.0,1.0
11230740,1554352071.0,1154520928.0,31971777.0,28228321269.0,1730845059.0,297490025.0,5807439895.0,31590818300.0,7936464218.0,3040777731.0,427287152.0
11230750,1.0,1.0,1.0,931113703.0,1.0,1.0,182271236.0,504590350.0,452734946.0,42682070.0,1.0
11260520,2371085242.0,2409230452.0,172031815.0,43053492301.0,6022629979.0,338159729.0,9119993672.0,43536768341.0,33083513681.0,15843931211.0,1.0
11260540,95093305.0,1478789733.0,1.0,5245237745.0,1.0,1.0,1321549925.0,4728193327.0,2045119106.0,49894312.0,1.0
11260550,10345443397.0,82067838.0,1.0,12133815548.0,251621802.0,365949670.0,1678570747.0,6732357851.0,1472555199.0,429442172.0,15018186.0
11260565,2814437916.0,1044525212.0,310232215.0,63607494109.0,1091399073.0,103320376.0,8295481470.0,44900416990.0,35183986775.0,12079695985.0,82794302.0
11260570,1899912522.0,2099705729.0,183238580.0,41226690179.0,1036354161.0,1.0,3623474255.0,16942543891.0,12919426072.0,3985014106.0,1.0
11260575,995637514.0,2979072614.0,65938514.0,28169686296.0,2384821945.0,1004271544.0,13357817442.0,55130832313.0,63424446159.0,18892582597.0,6897914.0
11260580,21459950210.0,3154509315.0,1.0,9655005810.0,1.0,67812766.0,2864124658.0,17571627203.0,14799992282.0,680000715.0,1.0
11260590,9149153684.0,1153838385.0,201115766.0,55638050879.0,63430802.0,4292721711.0,14365029140.0,94211372557.0,32218788628.0,24111454414.0,406033821.0
11260600,3110112714.0,3999924798.0,556160398.0,10461094172.0,25262105.0,101811581.0,2746068706.0,9425653785.0,9237443423.0,4720277262.0,1832055588.0
11260610,3330391918.0,342042106.0,329031527.0,51719734106.0,641102829.0,220584645.0,12773941351.0,36244534591.0,15010465728.0,5534856508.0,1.0
11260620,3256392125.0,1972482175.0,1.0,18342223926.0,131305358.0,1.0,7164094167.0,15751844694.0,6332662651.0,4270067448.0,1.0
11260630,4068328545.0,886523519.0,176100254.0,31888345629.0,20656588.0,1.0,2277642310.0,12560781441.0,2993828037.0,7142721262.0,240000000.0
11260655,1982750585.0,2021069831.0,338711563.0,40816857312.0,278916096.0,334455047.0,7177218877.0,37635858877.0,21091564252.0,7020839857.0,2226017048.0
11260660,1616641891.0,28876669.0,144386364.0,5800212753.0,1.0,1.0,500176148.0,4203652562.0,1064590316.0,321506479.0,1.0
11260680,2739921638.0,4942904537.0,40318532.0,7744306682.0,982638286.0,166279597.0,10749385703.0,38684245418.0,20355696247.0,10986358469.0,584646201.0
11260690,18399771.0,5357543173.0,1.0,237089907.0,1386227107.0,1.0,9917127856.0,1955698343.0,13775445100.0,1540600479.0,985416.0
11290525,2737422798.0,852622376.0,1.0,17194379051.0,526349960.0,1.0,1718719318.0,22495220236.0,6036789015.0,2538105760.0,1.0
11290555,21641553442.0,12427087353.0,990028391.0,50274086839.0,2733558933.0,1439842368.0,5694130313.0,64362048429.0,50097766292.0,18728330140.0,749505715.0
11290575,10694317433.0,11196879504.0,1.0,32350999500.0,2799672786.0,3238226289.0,43388986099.0,125626880592.0,29079333040.0,37293820322.0,1.0
11290600,2937571897.0,1129556281.0,9205636.0,50857074983.0,5745395704.0,321036481.0,16794774027.0,104342450484.0,26926210638.0,15692950834.0,1.0
11290610,119734539.0,236926559.0,1.0,1680602390.0,1.0,153389438.0,808295352.0,4467691890.0,3704465209.0,252229944.0,1.0
11290620,247564873.0,3339000579.0,1.0,9673897833.0,1.0,46436460.0,3443137106.0,6982460573.0,11369720044.0,174907590.0,1.0
11290630,3537250616.0,3672709979.0,1.0,5782698057.0,427099.0,1.0,1507122335.0,10867152101.0,11704254773.0,1287124241.0,1.0
11290640,489775184.0,559414502.0,1.0,25284296340.0,61678984.0,129287096.0,3824133013.0,23109382247.0,16160279121.0,3183933554.0,377219912.0
11290650,382956234.0,1175481987.0,254803978.0,15021996990.0,678149207.0,85776897.0,2222224464.0,12049267300.0,14675269953.0,689831522.0,1.0
11290660,608499011.0,5593797642.0,1.0,5497725587.0,207243171.0,62464194.0,1597181841.0,7967569427.0,8437770615.0,1848065218.0,132341468.0
11290685,179877506.0,5581402367.0,1.0,5157137689.0,544403864.0,1.0,1252946935.0,4517892604.0,2990958040.0,8461538.0,1.0
11290705,4245418788.0,6685963526.0,112279828.0,30815421450.0,963847887.0,613261548.0,9303238462.0,40661973603.0,26240972437.0,4777123702.0,1.0
11290715,3412144281.0,1093573307.0,82313428.0,18751950846.0,338717020.0,10332144.0,5631038424.0,23500052474.0,27870326593.0,11009092148.0,1.0
11290725,1919157568.0,402635884.0,109365898.0,11280983684.0,6560921777.0,154874714.0,5602128274.0,34590694086.0,16617083814.0,8012273892.0,501522044.0
11290760,47881958.0,681948887.0,1.0,10631620172.0,56216238.0,35114632.0,1269384805.0,10248959309.0,4591528348.0,598645666.0,1.0
11290770,3116144144.0,756407068.0,1.0,26263473438.0,128327011.0,1.0,2200966040.0,13714121541.0,6047746797.0,2522221816.0,359765313.0
11290780,1.0,1.0,1.0,1.0,1.0,1.0,1.0,4674834.0,1.0,1.0,1.0
11290810,4659562364.0,1290628566.0,82181479.0,30215883644.0,281936657.0,453340095.0,9159906399.0,52302626825.0,16468166796.0,5597262849.0,1.0
11305534,5490726631.0,898108990.0,67083456.0,12977225115.0,81558194.0,758978941.0,3683239836.0,8471112250.0,31605496821.0,1358660582.0,1.0
11305535,7388735446.0,2341238664.0,291162617.0,23685004108.0,1732090114.0,1362552898.0,10482403783.0,41933085078.0,39774053893.0,7938829570.0,7287827.0
11305545,30426661484.0,1550214661.0,220876522.0,56691143541.0,42824334.0,2193207080.0,10267074623.0,86130768576.0,33986617744.0,36236978946.0,1.0
11305555,2730062503.0,1475763406.0,410902154.0,27911935761.0,762631995.0,433159764.0,2927580225.0,23941506272.0,18649349937.0,9174084310.0,935770888.0
11305575,274994571.0,1592647265.0,1.0,2386372841.0,1.0,1.0,819556523.0,11907233978.0,11447504002.0,4047198773.0,1.0
11305590,4701657275.0,3122444947.0,91944974.0,34344975912.0,115127677.0,109970303.0,3929182364.0,15137974099.0,3704358852.0,1128950188.0,1.0
11305600,7215973134.0,25809858.0,1.0,3123907786.0,1.0,1.0,1938572530.0,2439540540.0,1392122361.0,1.0,47501765.0
11305606,1.0,85248000.0,1.0,1328594538.0,1.0,1.0,620035639.0,3184536820.0,541759597.0,149963160.0,1.0
11305610,3518554184.0,1216503531.0,66335504.0,59821341057.0,58275206.0,2007639491.0,2496930182.0,18282708369.0,20617825952.0,11960067027.0,156092009.0
11305620,4166060287.0,2296295140.0,83810727.0,20486542631.0,18083000.0,118121811.0,4118262140.0,18926709961.0,7130668012.0,455629654.0,2132638.0
11305630,11005546227.0,3919513122.0,27152488.0,89133615224.0,2050010044.0,9423263746.0,33115362537.0,189779171381.0,110907254196.0,75210107622.0,24778803230.0
11305645,480935256.0,1333726195.0,25172268.0,27777963762.0,210693772.0,415671728.0,2490163262.0,31502219356.0,8033728042.0,4677298052.0,143795633.0
11305660,230931670.0,2205865853.0,126729556.0,17246774122.0,1459184.0,1.0,1804063930.0,19542543805.0,5550786274.0,399813716.0,369346246.0
11320511,104143472.0,657619430.0,164208039.0,12879790280.0,679653732.0,1.0,5099724650.0,32158625243.0,35092223065.0,5729848912.0,1.0
11320512,339433017.0,3736816468.0,144997544.0,24785678365.0,295131838.0,1.0,1553950244.0,9635805156.0,10196232409.0,3108180161.0,1.0
11320513,1085790020.0,1001777079.0,1.0,17872131607.0,618009402.0,1.0,1252556453.0,18987640786.0,18874279834.0,2936256656.0,8000000.0
11320514,3465424919.0,7002538010.0,1.0,18852964433.0,3765023695.0,3311408170.0,14663047707.0,55452004381.0,57902529489.0,9842617092.0,90463134.0
11320515,2745165686.0,6959560430.0,1.0,17253955337.0,1557834846.0,216640277.0,2810416143.0,16542304444.0,12779794695.0,1170391206.0,1.0
11320521,6162750259.0,551080581.0,24597735.0,46295307582.0,5303840620.0,426617846.0,43959468895.0,47428788972.0,12946977512.0,6507957713.0,1.0
11320522,291814695.0,123177223.0,1.0,2379180198.0,1.0,88143711.0,3859986959.0,7019456967.0,1648024082.0,42626708.0,1.0
11320660,129457593.0,2353618546.0,1.0,25661757250.0,1997079773.0,1.0,1648598866.0,12755227937.0,9908504667.0,2282999202.0,1.0
11320670,1450453466.0,3571411496.0,343277998.0,14632201695.0,138035819.0,16546645.0,4783443716.0,21501261468.0,17795346978.0,4269440293.0,10869164623.0
11320680,1546242900.0,3346253447.0,2286206.0,26656520442.0,17143705.0,63260858.0,2609661851.0,26063242484.0,26175410602.0,8525115702.0,98600095.0
11320681,1.0,1620440147.0,1.0,11677182776.0,1920596.0,1.0,873504441.0,1184695586.0,6665996491.0,40806330.0,1.0
11320690,22194287578.0,5363050935.0,317070500.0,42790590557.0,466637514.0,526251515.0,8760952237.0,44679559879.0,25798940366.0,6731693915.0,112857487.0
11320700,1067685801.0,2619899126.0,407705887.0,36406737891.0,78697878.0,2519685.0,2395848462.0,15795977282.0,52231668902.0,2611914777.0,1.0
11320710,1.0,2035323209.0,1.0,7264270825.0,60521850.0,1.0,650087614.0,6740535423.0,14126648119.0,346388825.0,1.0
11350560,411925408.0,2916355185.0,1.0,16823685540.0,1879742072.0,467929995.0,9641127943.0,55672681139.0,26062994773.0,11024293850.0,1.0
11350570,1.0,1.0,1.0,929483414.0,1.0,1.0,41419260.0,1121387116.0,1.0,26387352.0,1.0
11350595,15006651399.0,3648676681.0,121593612.0,46861192854.0,2127876038.0,1058490871.0,10597526215.0,79083243055.0,30045340974.0,18035377297.0,528563933.0
11350600,1273150534.0,2878695296.0,1.0,8785732738.0,918132316.0,447104011.0,3187006458.0,31783818446.0,13726082022.0,2218388994.0,1.0
11350611,30000000.0,740613555.0,1.0,6135591540.0,111031140.0,1.0,510140620.0,6618449110.0,1530615950.0,9000000.0,88800598.0
11350619,34489920.0,70129567965.0,1.0,22902507022.0,8578565707.0,1.0,6366955375.0,44306136156.0,42607736278.0,6358611756.0,1.0
11350624,7301676156.0,4037194687.0,1594814587.0,20811322879.0,526092501.0,1.0,7030636788.0,45375352052.0,22593496594.0,8211546239.0,1.0
11350625,12741544545.0,1069467470.0,1.0,18008026315.0,1020814800.0,1.0,3830568701.0,31819373274.0,32334149578.0,26598525843.0,55844214.0
11350630,1671940751.0,3091615125.0,286484397.0,42274224250.0,634714416.0,414947659.0,15650441905.0,67409771974.0,36925444634.0,7249216910.0,335319951.0
11350640,27336533554.0,24984802866.0,91004825.0,71600212373.0,8018980803.0,8233196337.0,42919624789.0,218272206629.0,165539121055.0,60401327820.0,175969973.0
11350665,1475530172.0,341011633.0,1.0,6252513638.0,1.0,191507691.0,541595507.0,5111949814.0,3388712200.0,673987664.0,1.0
11350670,692299026.0,2605368296.0,26637716.0,21858121551.0,556780774.0,26799860.0,2487260916.0,11206721098.0,9606133108.0,940127561.0,32767042.0
11350695,94986111.0,3690837829.0,1.0,10147281207.0,145301645.0,1.0,12471722543.0,13879646100.0,20378670818.0,1399389617.0,1.0
11350710,244907989.0,7903427211.0,1.0,12205395515.0,1478585229.0,17300971.0,3374527621.0,16708735003.0,38168573098.0,6981932600.0,148916259.0
11350720,666550754.0,2213082383.0,489430110.0,6824543787.0,1.0,1.0,943125274.0,1338897256.0,1438219337.0,243818024.0,1.0
11380510,4013805124.0,4769133675.0,1.0,27065208972.0,1547889286.0,1630590663.0,5646436283.0,38381397845.0,4154410049.0,854379488.0,81000000.0
11380520,413747811.0,568192658.0,27383163.0,5809965241.0,3197150705.0,716828493.0,5122157180.0,31785799203.0,23827302132.0,11553615597.0,1.0
11380530,21101644561.0,6094274290.0,167704322.0,57081464926.0,9853616944.0,4579929488.0,21312062421.0,49015974335.0,80155472657.0,22631574205.0,1.0
11380551,1514060826.0,5464228866.0,79972051.0,30864273061.0,1.0,428773747.0,13416747251.0,93120537263.0,34410455417.0,16741324490.0,1.0
11380552,1876170452.0,18214543729.0,152122550.0,39202773015.0,4942252116.0,37316400.0,9117117057.0,34363226776.0,41144654987.0,12447573703.0,1.0
11380560,2738067622.0,3930382659.0,149141805.0,38859526210.0,602585473.0,1.0,5664211409.0,12027571405.0,5013426127.0,2797921922.0,1.0
11380570,12939343424.0,3192421751.0,117140124.0,70733464454.0,306978255.0,5594250970.0,8390873622.0,73770381266.0,52447238810.0,34860196334.0,91474138.0
11380580,14198455686.0,6704259800.0,44864310.0,30862066112.0,2268016618.0,2810701326.0,10540334894.0,42792462968.0,43327584691.0,6583072779.0,1.0
11380590,195729016.0,1.0,1.0,873503740.0,1.0,1.0,266678085.0,729591178.0,3724693057.0,1189801358.0,1.0
11380600,2685791247.0,3804515652.0,33554887.0,69475406593.0,2692587189.0,1397159176.0,11101850673.0,39505334910.0,34270380114.0,19881144879.0,7259354.0
11380625,871579478.0,6879979499.0,283703310.0,32537107635.0,668656628.0,646379856.0,8932522055.0,24210494344.0,12221148306.0,2362232616.0,1.0
11380631,261984225.0,4568377082.0,30740576.0,12539885333.0,3869678031.0,74571426.0,6098008720.0,24423780635.0,13106492319.0,7589637531.0,1.0
11380632,495242329.0,1766697407.0,27772603.0,13870582068.0,978161242.0,1.0,1510302576.0,7921789791.0,6357935640.0,413315882.0,1.0
11380640,896057960.0,4267051649.0,249211549.0,25347640455.0,451465461.0,39344880.0,3622199521.0,11782207387.0,12768788651.0,3878712520.0,1.0
11380650,1.0,1.0,1.0,6024309.0,1.0,51700331.0,208911215.0,1380935606.0,1539310038.0,520351488.0,1.0
11380690,4000000.0,135272953.0,1.0,380580418.0,1.0,1.0,167898973.0,25201974978.0,505526316.0,744449019.0,1.0
11410520,505412793.0,1536446393.0,151890383.0,16781105027.0,184184564.0,20035291.0,1142420147.0,10287433708.0,15603763122.0,2405951743.0,1.0
11410555,23709517920.0,171111578.0,1.0,9554639627.0,1.0,53466078.0,767903616.0,7833537721.0,9835344230.0,2566486519.0,1.0
11410565,609471482.0,45784792.0,22000000.0,12228967777.0,2410685816.0,103268613.0,821206303.0,39570116302.0,6811659193.0,878388602.0,17507599.0
11410585,14947496133.0,21022830404.0,377926406.0,82348752353.0,11851891030.0,13044879345.0,43928932541.0,344958909735.0,157469782591.0,112426583219.0,184503779.0
11410615,5830976434.0,8777465862.0,45662487.0,50325826343.0,720319280.0,132553685.0,19168323433.0,85653864684.0,16724672393.0,12726159933.0,22869277.0
11410620,7325933958.0,5178572684.0,1.0,22971470000.0,1899951371.0,377987955.0,12754585489.0,40312548394.0,67448369146.0,12040804029.0,1.0
11410640,312205522.0,1991081464.0,24719443.0,51056580771.0,1.0,84556101.0,1955303082.0,20991826108.0,13271291563.0,2545884079.0,8130350.0
11410660,360464299.0,2037885344.0,23459642.0,18303078468.0,2060753.0,1.0,1086097530.0,9099798282.0,7967365603.0,1050860877.0,1.0
11410685,926376398.0,2857201579.0,338476442.0,13795535021.0,756742237.0,24065018.0,4508075913.0,30389001715.0,4699183909.0,2714861511.0,1.0
11410690,612219420.0,1217715431.0,1.0,17073859870.0,614254354.0,410885657.0,1219741133.0,7938139203.0,21047626634.0,8501484175.0,1.0
11410700,259220789.0,5053859081.0,110325200.0,26283492506.0,4650080036.0,5584615.0,3180814704.0,24386688236.0,14181234631.0,3741356407.0,1.0
11410710,20327124.0,1.0,1.0,4145958037.0,1.0,1.0,455803517.0,978730711.0,255595924.0,1.0,5000000.0
11410720,28860958264.0,8503194417.0,1.0,25579000255.0,129842030.0,143445719.0,4807290089.0,29115354381.0,15828856673.0,3234795086.0,1.0
11440555,511400124.0,1208451137.0,1.0,35339911628.0,616228434.0,1.0,1335250632.0,34707866154.0,24224438615.0,3710010557.0,1.0
11440565,5545451833.0,7621493714.0,1196974340.0,20964314755.0,1718925756.0,366742170.0,11109573370.0,89661607324.0,71763726747.0,15111700558.0,1.0
11440585,6420133081.0,933615373.0,1.0,14195011606.0,951127453.0,354148817.0,4657380658.0,97524385011.0,14024406971.0,9551284286.0,1.0
11440590,4323460369.0,4246504318.0,1.0,24231884080.0,10232526645.0,630801493.0,14997433700.0,84870100317.0,22559222290.0,13395472363.0,215921444.0
11440600,4823281705.0,10722473233.0,1.0,8759094909.0,664573934.0,77268647.0,3853331771.0,17174612579.0,7018948779.0,1349824213.0,22728853.0
11440610,2735107008.0,2833620388.0,1.0,16403994061.0,1169165116.0,79008536.0,4268653399.0,22319511709.0,10246920732.0,2838093472.0,6546011.0
11440630,4169506988.0,2092669164.0,1.0,23616986015.0,1710036634.0,3336465787.0,1291215295.0,16063587720.0,10234237864.0,990292313.0,4503241.0
11440655,1793662955.0,6918711142.0,3854854811.0,26901398317.0,1117451774.0,56080432.0,7549557266.0,65562512179.0,3389875409.0,18182630594.0,965303686.0
11440660,18292312354.0,53974706468.0,1297319441.0,227616909394.0,34111259808.0,3433212878.0,84242490396.0,790924989094.0,151082774272.0,320190352833.0,35136246708.0
11440680,5113045388.0,4240051686.0,140387608.0,41449046248.0,2503341784.0,1136299350.0,15898370645.0,143586674568.0,40105694770.0,32251195318.0,2398989143.0
11440690,2368221599.0,1196081530.0,7150473.0,53309286082.0,172188061.0,1.0,4421639640.0,51239797231.0,15405803283.0,8035991052.0,569105034.0
11440700,2329177010.0,4698693314.0,339783370.0,56825053240.0,1903934373.0,1.0,5003037930.0,32793440372.0,18524129339.0,2590900676.0,1.0
11440710,3370222956.0,584628605.0,1.0,5906100566.0,983382542.0,17878229.0,579380224.0,14276182215.0,1490048331.0,24645184.0,1088555448.0
11440720,33842552757.0,2404399105.0,177434257.0,32278064923.0,758201601.0,1.0,3883359504.0,41949287726.0,8898133548.0,1233615963.0,6117772618.0
11440730,1394732936.0,3602662021.0,43998074.0,349514916516.0,484582970.0,1.0,2882854593.0,33284593888.0,5366515891.0,18437032174.0,1.0
11440740,2880808560.0,8481448574.0,1.0,28616557428.0,19299115160.0,1.0,7333652057.0,163763320912.0,25349614764.0,5011093282.0,1610680202.0
11470510,1384634290.0,37086819269.0,1.0,9361310253.0,4002196938.0,123615432.0,10847094193.0,76530562312.0,32979291859.0,11742569311.0,340834.0
11470520,388304390.0,1667110457.0,16134327.0,19718171803.0,192735589.0,287058207.0,3206170323.0,19475005932.0,12800575010.0,2513377302.0,1.0
11470530,27091569834.0,2522912740.0,1025005335.0,32061634774.0,442559094.0,12805148.0,16759211085.0,44919391588.0,40895695035.0,13147649914.0,129188103.0
11470540,462827306.0,5419636254.0,381469506.0,30748746676.0,409242954.0,1.0,3983478377.0,14242321463.0,9609180167.0,2204961559.0,1170742.0
11470550,3014325568.0,102103806112.0,1.0,100718939251.0,4043238878.0,1.0,17756289270.0,119898799172.0,51479425153.0,17740629606.0,10302809825.0
11470560,2954828803.0,1363491114.0,452892236.0,62704094554.0,2405992619.0,576575687.0,5955458891.0,25864168889.0,12784444514.0,6061814993.0,9678258.0
11470570,1997408364.0,2518785181.0,1.0,24695230016.0,239427124.0,181773084.0,2347413756.0,11731585360.0,12849663736.0,2125232715.0,1.0
11470580,2510385681.0,665320087.0,1.0,26196705571.0,66752305.0,1.0,2634791339.0,8724142036.0,9728620924.0,1641368695.0,1.0
11470590,1043755245.0,4593067998.0,18800076.0,13853168556.0,203009876.0,1.0,3220032525.0,25169470357.0,6518473462.0,1767001322.0,1.0
11470600,2350706961.0,280123915.0,1.0,6802489892.0,1114863507.0,104578301.0,6056115088.0,13260491914.0,6958249166.0,4313303787.0,1.0
11470610,1710305554.0,77884847.0,12000000.0,15897412263.0,1.0,1.0,1223230200.0,4865165328.0,12591826084.0,8099780083.0,1.0
11470611,4480305035.0,2429862097.0,358334290.0,15453769153.0,489364026.0,1.0,6083429447.0,16354385964.0,21625495167.0,2940963191.0,5862909.0
11470620,3626428656.0,19961327270.0,8747484.0,21465580701.0,3348286286.0,73231320.0,4148584595.0,28559802852.0,9928193029.0,2513767712.0,1.0
11470630,3546121579.0,19427133641.0,1.0,24839872726.0,356523811.0,1.0,3622564114.0,27009036539.0,12257681929.0,2473896521.0,1.0
11470640,776787711.0,5875407828.0,1.0,14236216840.0,1630268573.0,1.0,2705103193.0,6944498828.0,4861183679.0,195847658.0,1.0
11470650,17225996580.0,23907730012.0,400946124.0,64955214233.0,9041124870.0,2440754988.0,26261783336.0,94419703891.0,83140751666.0,45361551437.0,25372230.0
11470680,1.0,25046906.0,1.0,1821590512.0,1.0,1.0,6564141638.0,2480155449.0,1.0,1.0,1.0
11500510,2372176972.0,562765083.0,1.0,12522765721.0,1.0,767544624.0,1071730623.0,6213915433.0,2956993428.0,61877730.0,1.0
11500520,10627391777.0,3440529066.0,1.0,19243259960.0,5466404390.0,1.0,7401432185.0,16954078276.0,15888904608.0,302947468.0,5855018630.0
11500530,109222859.0,266366435.0,1.0,5966185181.0,809205.0,1.0,236049901.0,1381007501.0,1.0,687836044.0,1.0
11500535,19196127981.0,19498145698.0,795726657.0,39470510078.0,2149733345.0,23428571.0,11915678381.0,50183568445.0,30175091028.0,19284147312.0,3622000399.0
11500540,18195143664.0,7006154347.0,282774778.0,102047567964.0,2517169612.0,10994714109.0,21260583304.0,148308368095.0,95560204509.0,33624792560.0,1397693196.0
11500550,2404660392.0,5352169154.0,35340612.0,11120243505.0,8383285569.0,1.0,2687868869.0,11020289548.0,7454879856.0,3556786315.0,303071780.0
11500560,1019869189.0,2650692578.0,101502248.0,12433630220.0,1.0,1.0,2904484877.0,12428479744.0,11450209479.0,3400531482.0,1.0
11500570,22875146155.0,3558592996.0,2232376356.0,62764904519.0,1439117953.0,63223807.0,7568184971.0,39503019307.0,35541050214.0,14658006803.0,16543793.0
11500590,1575508024.0,6424435995.0,674891618.0,44942885932.0,1862349042.0,2287749335.0,3485700925.0,22713584267.0,13064359705.0,7160836047.0,1.0
11500591,1931635684.0,2473879674.0,77456304.0,53856597490.0,3222734383.0,6810844328.0,8853953469.0,83632062199.0,29141393897.0,6767729368.0,111248532.0
11500593,641053660.0,641186320.0,252490579.0,36148202263.0,91297558.0,1.0,6327701340.0,20059722666.0,32026772671.0,7423786197.0,1.0
11500603,2004333507.0,3344220078.0,71995950.0,42173642476.0,5094460605.0,17000000.0,11197550667.0,138352690759.0,23668767836.0,204701410682.0,439960655.0
11500605,416626775.0,603797755.0,1.0,2358933731.0,1.0,1.0,314089918.0,2007553905.0,6802605048.0,1.0,1.0
11500611,615724901.0,9027718386.0,1.0,339457480853.0,1942094205.0,26000000.0,6007158217.0,30927159473.0,26016986274.0,11027906795.0,575481.0
11500615,7104217857.0,16461404797.0,21442442.0,21815592598.0,3472221663.0,1.0,4224091919.0,30273835013.0,9429153834.0,9527424839.0,148162994.0
11500620,1383763439.0,1316343197.0,1.0,53303700800.0,273842926.0,985965141.0,6868749443.0,54069084316.0,19066756567.0,8846385997.0,1.0
11500630,28224572977.0,4766511317.0,1.0,49367664233.0,2621449050.0,843145536.0,8894165562.0,40488744924.0,28085005610.0,12836452115.0,1.0
11500640,1855910468.0,665257550.0,22951822.0,12958212391.0,191227836.0,651506017.0,3392914314.0,19240554711.0,15062984824.0,2442459348.0,1.0
11500641,1040859146.0,55075629.0,1.0,7407874951.0,1.0,1.0,1447894655.0,17239504842.0,3386361984.0,8202148.0,1.0
11530510,418600156.0,241835404.0,1.0,3559132359.0,1.0,1.0,501807023.0,5321769284.0,1.0,13792592.0,1.0
11530530,190848286926.0,631488488.0,437239.0,91974698916.0,86024938755.0,2500643072.0,13252358745.0,75498454438.0,56499536593.0,25589831899.0,4742415458.0
11530540,61473139196.0,10636038682.0,225619479.0,63563019593.0,17348139577.0,1986742767.0,29903392535.0,259502448788.0,112470272922.0,50123372551.0,34800486275.0
11530550,1954004680.0,3727493568.0,1.0,21488829061.0,5294165247.0,332284860.0,6884343935.0,39161544810.0,39944475441.0,10265697331.0,1.0
11530560,52100855562.0,5122872864.0,1.0,58014434381.0,12248343009.0,4424144159.0,14006045254.0,160311179941.0,58320679402.0,27475343800.0,3425520790.0
11530595,5535546708.0,1103960705.0,1.0,59691386871.0,130418390.0,1065128688.0,3855402927.0,24191231270.0,8593834739.0,1334337810.0,1.0
11530720,2088471097.0,353512478.0,65963150.0,19333215486.0,316070241.0,102810667.0,8663181057.0,26225517899.0,24000878663.0,2668673499.0,1.0
11530730,5431103560.0,3066040231.0,64365594.0,54787530580.0,463975745.0,1.0,6059828410.0,33372814554.0,24411586200.0,3156549641.0,1.0
11530740,1644480542.0,2472320955.0,55854740.0,28266319059.0,24000000.0,991991532.0,6002207056.0,23148272173.0,10244765524.0,2043256784.0,1.0
11530750,402095821.0,498778622.0,1.0,23508387415.0,28435503.0,95825952.0,5110927591.0,10099360314.0,12058798623.0,1967884689.0,1.0
11530760,3038309491.0,5937538137.0,1.0,24737289642.0,488437724.0,1.0,5778840495.0,27251665780.0,24450768776.0,5123400154.0,20791756.0
11530770,1562221254.0,2236089526.0,124886831.0,41701542750.0,534483647.0,4041939578.0,6886281021.0,32076368095.0,49018200188.0,10379192191.0,2126478.0
11530780,371390935.0,2401728148.0,67141871.0,16648858990.0,1.0,1.0,7294945968.0,21583325666.0,12826629199.0,1059927580.0,1.0
11530790,637410788.0,2983350610.0,27763195.0,27428818677.0,872547759.0,1.0,2905409944.0,18353021439.0,5328590242.0,283037925.0,1.0
11545510,44840140228.0,2621997991.0,583846042.0,181478825636.0,70967012254.0,4762872874.0,90639635131.0,275580684812.0,122231967656.0,445967130610.0,28756996100.0
11545610,7082666721.0,912414063.0,104009412.0,378912044187.0,6369511315.0,2202457812.0,15025476271.0,67967928936.0,32747013414.0,9001386586.0,3993210430.0
11545620,1856164819.0,2703320927.0,1.0,34413760852.0,16147465.0,23561408.0,4964671307.0,15625491361.0,18320801662.0,1143422765.0,30409549.0
11545630,12691439345.0,1852992055.0,1.0,75494821560.0,3934318315.0,256813135.0,5284276128.0,41365922900.0,23698696173.0,6860442561.0,383669152.0
11545640,2031035446.0,2410249893.0,429895728.0,26336951172.0,378828321.0,403429300.0,5367977809.0,28501564738.0,6129810068.0,1639147948.0,2792269.0
11545670,4028321820.0,5504149408.0,486047522.0,68040480663.0,198459990.0,2630901419.0,10747874849.0,85363481894.0,76738906817.0,29895027608.0,1.0
11545680,1.0,1943897142.0,1.0,3689714033.0,47760539.0,1.0,518267413.0,3048543642.0,3211288756.0,2784129167.0,1.0
11545690,151604014.0,782484901.0,31026390.0,16648112538.0,171448676.0,1.0,7952983444.0,11625171485.0,5521231655.0,306325520.0,314048503.0
11545700,540047935.0,1847929624.0,14216599.0,21860753664.0,925807609.0,1.0,3870895247.0,10879315560.0,21500947759.0,2092081397.0,1.0
11545710,222957715.0,4756968888.0,1.0,35928061215.0,4116436.0,1.0,4213142708.0,18531163963.0,28667492014.0,4906731171.0,1.0
11560515,2815261669.0,886913357.0,156744758.0,11988913675.0,1.0,374348799.0,559559600.0,28521211956.0,6465201327.0,50614185255.0,1.0
11560535,35215193394.0,2317868959.0,213517340.0,154346437305.0,30108541813.0,12684887656.0,22656422505.0,257690844845.0,89120337993.0,197122325229.0,7288212446.0
11560540,13733115749.0,19857303351.0,43007143.0,95434812510.0,17518607469.0,445939624.0,30901032966.0,554717809363.0,93474817666.0,53316041081.0,44107491031.0
11560550,16008298019.0,1903368483.0,531685792.0,167440481445.0,2446068008.0,808458637.0,10254578867.0,85130642505.0,26656422932.0,9921653636.0,41663841.0
11560560,7412254260.0,9316474802.0,340193338.0,32760139529.0,2432824870.0,1225672922.0,15604930321.0,121986120235.0,41817404431.0,12284233567.0,1716224657.0
11560585,933370437.0,3437947149.0,62422429.0,21722442689.0,291498978.0,420366622.0,7753878512.0,20411828865.0,23219500950.0,3818238962.0,1.0
11560605,1530973676.0,956713218.0,301489593.0,72999021973.0,4700120870.0,161944679.0,3314858476.0,76254382052.0,37331204387.0,5893324223.0,9734051.0
11560610,227017474.0,140907837.0,1.0,13326329090.0,1221000000.0,147197005.0,3047790275.0,18529019322.0,15112999137.0,8015121174.0,4492426177.0
11560620,536113811.0,2613971936.0,1076952203.0,19766957772.0,4514662371.0,311201226.0,10729847049.0,50031890854.0,46719280315.0,5188220704.0,15379952015.0
11560630,3400755462.0,2687412200.0,1.0,23854942239.0,606598433.0,1442230002.0,14305687194.0,40491715543.0,35559813151.0,4282092121.0,10948693.0
11560650,390985046.0,1092910424.0,1.0,17507257044.0,21928289.0,1.0,1543082999.0,2614978279.0,4983830308.0,844151309.0,24629002.0
11560660,550095639.0,1.0,1.0,3261557252.0,1.0,7173061.0,610640022.0,3571956571.0,6277608716.0,1361384893.0,1.0
11560670,23336346955.0,946350284.0,1.0,12155870444.0,1.0,121691011.0,1087980743.0,13510021241.0,575750287.0,172355976.0,1.0
11560680,916451570.0,1602283525.0,29283777.0,38898844868.0,1151701343.0,293764394.0,2235396052.0,24971919086.0,12326348919.0,2098219041.0,1.0
11560690,866463867.0,1425288218.0,1.0,10133100992.0,1.0,99437669.0,4810548133.0,8923197615.0,8167796287.0,609575172.0,1.0
11560700,1310598311.0,974327695.0,7254791.0,24254104170.0,22095882.0,400343052.0,2540211692.0,20126529066.0,33430896126.0,2929067735.0,566590041.0
11560710,1752896456.0,617251208.0,21165511.0,38024683911.0,174155847.0,266221547.0,4130349188.0,39674412920.0,4938268291.0,10692778834.0,1.0
11560720,4516689741.0,3149770341.0,1.0,61435848209.0,2573009146.0,1.0,13098202764.0,83469809695.0,173427781926.0,19788230668.0,37586785.0
11590510,7877630398.0,32636036007.0,84197329.0,1693874730504.0,15966890233.0,8310834771.0,12472383930.0,164255882429.0,20013720502.0,14799102337.0,9494608544.0
11590520,66512820.0,133813383.0,13359357.0,12842125484.0,408317941.0,701764521.0,1388605422.0,14690231526.0,7071349011.0,1237373987.0,1.0
11590530,7122946402.0,11952740651.0,48283887.0,49236268905.0,1009261745.0,1748203091.0,13583734154.0,73896383750.0,26199467156.0,11592994373.0,3168666823.0
11590540,1444576901.0,2707192196.0,113061561.0,34511263485.0,54268365.0,124822101.0,4332784572.0,32147987765.0,19335857056.0,8913795338.0,1.0
11590550,664276170.0,1268197567.0,1.0,36820779933.0,1.0,1.0,3899780512.0,18238803536.0,16020302516.0,5339185590.0,1.0
11590560,790812246.0,3208712262.0,1.0,16633056153.0,79566.0,117849650.0,1650121004.0,19200632821.0,14344809756.0,1629446189.0,1.0
11590605,558605153.0,1039935062.0,1.0,21180156982.0,394221631.0,34676923.0,2883414859.0,37036220328.0,7582340603.0,3902473843.0,1.0
11590620,2857730678.0,3969405725.0,905358417.0,32839596157.0,528155109.0,582380844.0,7674204449.0,74508065264.0,15653453121.0,5744394344.0,87142373.0
11590630,13612251507.0,3227036597.0,2136309131.0,51360868906.0,2876171682.0,675774070.0,27185680515.0,138711463834.0,130734734669.0,23857583917.0,2339975781.0
11590640,2373175752.0,2297901393.0,1.0,4376289239.0,21929098.0,60000000.0,888637110.0,4399600819.0,2608337810.0,839883586.0,940318666.0
11590650,9029925526.0,2890098501.0,1.0,23040898119.0,370723551.0,4074781.0,4161864406.0,18508655330.0,30010472224.0,4465156546.0,61639519.0
11590651,756011856.0,700169738.0,1.0,2567189588.0,84107740.0,1.0,122117217.0,1156118705.0,1.0,77361924.0,1.0
11590660,2111616721.0,31816241565.0,250709765.0,45245337770.0,12023653068.0,1010874589.0,12916555279.0,68812203302.0,48295423030.0,7550764327.0,7379199258.0
11590670,52096695.0,546250766.0,8161073.0,9946875628.0,184265969.0,179872155.0,3471868497.0,19730788385.0,21181794607.0,9658922258.0,1.0
11590680,736194929.0,3509894526.0,1.0,23548138108.0,655146546.0,1.0,4728898743.0,84074861501.0,32060306811.0,3763786107.0,10000209.0
11620525,567230054.0,2227513584.0,149493553.0,40622929682.0,192754879.0,1.0,3839138484.0,19108282021.0,16234703791.0,1621911555.0,1.0
11620545,1.0,1.0,1.0,1.0,1.0,1.0,18595124.0,14221831.0,260529841.0,1.0,1.0
11620565,9003167.0,4676732371.0,1.0,3038246647.0,35300101.0,1.0,326205205.0,1533842476.0,2797948521.0,1.0,1.0
11620575,3032002909.0,2333637730.0,38187701.0,19765498724.0,1022575843.0,129951219.0,2337053207.0,14304970805.0,20737362471.0,3833954932.0,1.0
11620585,1156909040.0,843145998.0,1.0,14782620141.0,1.0,1.0,2368715603.0,60440726019.0,6137641427.0,3733370898.0,1.0
11620595,15405181589.0,5450281524.0,128833991.0,59726569516.0,923303765.0,12165349482.0,29659444227.0,141844421045.0,72354433151.0,150179558683.0,663862401.0
11620605,1016793228.0,1.0,15001875.0,20059499461.0,1.0,1.0,1587860970.0,8865800900.0,5062648161.0,701123878.0,88854206.0
11620615,1654546065.0,5152514001.0,53682053.0,30470158326.0,99528715.0,1.0,2706937809.0,29793504907.0,19246736939.0,4310446049.0,644940754.0
11620625,375006175.0,1936955201.0,30291891.0,30630694731.0,491251058.0,1.0,2951122731.0,23752947303.0,16617785530.0,2212480185.0,1.0
11620630,365329169.0,1449601746.0,1.0,22057235744.0,1328787032.0,7729684.0,4641156564.0,15858530214.0,15487966989.0,1103242436.0,1.0
11620645,1237430075.0,1222036708.0,1.0,19072216140.0,1431204508.0,835177638.0,9150432201.0,105503987886.0,8988290948.0,13749927664.0,1.0
11620655,2552687833.0,2458321956.0,778591747.0,34880012830.0,368132980.0,72000000.0,4743115079.0,14663024076.0,6806070193.0,3289954528.0,1.0
11620665,596028730.0,1151253064.0,1.0,21087579645.0,294787419.0,1.0,3317011937.0,18828996359.0,9960649344.0,1180864937.0,1.0
11620685,2022419861.0,2821367195.0,207579351.0,33031115567.0,1055006855.0,186663584.0,10482366468.0,26394967076.0,27537254989.0,3072771709.0,83611389.0
11620695,42502700669.0,5721268378.0,351725454.0,75043283962.0,558313818.0,13020283903.0,29363122214.0,142006184599.0,53787065213.0,47369116786.0,2608323686.0
11620715,1.0,100107526.0,1.0,7411580107.0,1.0,1.0,151177228.0,1381569220.0,2754680998.0,1.0,1.0
11620725,431635662.0,1115478624.0,235666256.0,31622249467.0,263315509.0,203792845.0,3791829177.0,26700338904.0,11009793804.0,10776352081.0,68714286.0
11620735,373707189.0,6660871281.0,51864478.0,32011507228.0,6849028400.0,596964802.0,19706974304.0,65572078175.0,22870122547.0,3957395374.0,1.0
11620745,1153838486.0,2847858061.0,66994807.0,25116496217.0,76385275.0,1.0,1140945951.0,4676009363.0,6575224718.0,4513971792.0,1.0
11620765,3994887068.0,3399730500.0,308362752.0,27785020353.0,235851091.0,190822576.0,6967692107.0,20881165390.0,19744010436.0,12661642083.0,1.0
11620775,942776925.0,2713758103.0,1.0,16875581241.0,858512074.0,1.0,8092233545.0,19547828421.0,29674158600.0,4853106312.0,1.0
11650510,204818700669.0,27001720736.0,591798420.0,96169782331.0,34196602348.0,2848038365.0,31078549622.0,313412007243.0,136858881243.0,38618595183.0,7280596743.0
11650520,21693627035.0,78295670333.0,151333520.0,141266005142.0,41910302952.0,9917693390.0,69898358217.0,699180062531.0,648763980467.0,255144339578.0,8613348352.0
11650530,6123083634.0,21054516061.0,45078231.0,77803257483.0,10551519586.0,10056729894.0,20405381960.0,210903683319.0,43344390187.0,23695573034.0,111831248.0
11650540,20963353566.0,13959789875.0,407683855.0,40518915893.0,4468790692.0,3981831834.0,16944789700.0,137508086111.0,229550408374.0,23346254115.0,8212318068.0
11650550,1638378317.0,4571869342.0,1.0,5204940690.0,235935838.0,1.0,806439939.0,3055833119.0,1047689419.0,12468027509.0,1.0
11650560,246262331.0,292557919.0,142863882.0,11730345558.0,76727237.0,226215570.0,3146699234.0,14412588918.0,4691904894.0,1141077373.0,1.0
11650581,75120952673.0,87714250303.0,41133121.0,176216728731.0,10590587214.0,1482073123.0,39222805384.0,262899137749.0,108470620984.0,150404841870.0,4236499150.0
11650590,32297492339.0,9410031524.0,38258490.0,19026986073.0,310525873.0,2201874744.0,11157620585.0,65192904387.0,12019055790.0,6829790941.0,51615906.0
11650600,2948722263.0,18891398915.0,1.0,42469298358.0,4242351017.0,33896670.0,15393554920.0,67866790441.0,53457154169.0,21233366336.0,3828322759.0
11650610,11051108654.0,5825123922.0,177818313.0,33955198705.0,2181246709.0,4735515895.0,14570341486.0,176105256893.0,22454955350.0,15861415541.0,4968373.0
11650620,75317509.0,3300836386.0,1.0,9228950458.0,1267701800.0,3891775.0,559998423.0,8251476380.0,20138145335.0,95657535.0,1.0
11650621,2983464051.0,11326330232.0,379770431.0,65000527371.0,6406261720.0,286529656.0,8718161101.0,59965760311.0,22648411715.0,12587113179.0,1.0
11650651,26933207678.0,2916193661.0,888855748.0,43654488222.0,9041515710.0,1089629720.0,15934220647.0,98105153833.0,28180544571.0,16223329055.0,19614371775.0
11650652,57631990089.0,3645673033.0,1235037690.0,105518819303.0,25005732660.0,203412844.0,22806637108.0,159782772396.0,47824606150.0,24255520890.0,2087424808.0
11650660,4408915490.0,1.0,1.0,645342098.0,1.0,1.0,19529907.0,4458050420.0,1053426734.0,174429531.0,1.0
11680510,9491163176.0,77195517356.0,3197780100.0,41770191559.0,7814536989.0,1379780616.0,43927494480.0,259699493921.0,350517754334.0,290529358955.0,9686672570.0
11680521,192643024944.0,18090720863.0,546914061.0,239529658779.0,14625512488.0,3500372808.0,85136152889.0,435316507186.0,285974533771.0,103445860860.0,9482671728.0
11680531,23118797618.0,9573007705.0,250955044.0,77308155079.0,8439642010.0,3319693281.0,88779274138.0,194960510897.0,104185449673.0,49434728062.0,213177817.0
11680545,34864315324.0,37543895156.0,574399726.0,82381947446.0,9657701232.0,3665380846.0,137012391893.0,400772669777.0,272754671039.0,488998955748.0,10719862013.0
11680565,48697168388.0,19182747470.0,1867147615.0,71594431401.0,15889126043.0,11186826.0,62914347457.0,190987433914.0,132996846413.0,200460401914.0,2965183925.0
11680580,81777417343.0,5049581597.0,774000000.0,102975285910.0,27187828632.0,438911573.0,52144196791.0,245215181102.0,37764781931.0,718111788561.0,162262796.0
11680590,23730806229.0,40173615851.0,4322795001.0,133027178062.0,15834895856.0,6090436369.0,64897629422.0,568204256850.0,180204032966.0,121489875914.0,55673138061.0
11680600,27984471172.0,68514562628.0,1.0,25025515269.0,1469521824.0,1.0,14053491868.0,46381968988.0,45373679554.0,3480745312.0,1.0
11680610,21495641045.0,24806378386.0,1.0,54702291436.0,31754822966.0,327056099.0,32806008739.0,165575389585.0,49535629832.0,204838500431.0,3614493097.0
11680630,24624487017.0,367087944934.0,2051088146.0,81118266471.0,12204178727.0,8643290864.0,32786083105.0,169265221911.0,125301530950.0,56529303492.0,749436010.0
11680640,49958178092.0,26497540266.0,2352031456.0,234197333006.0,42985679103.0,24505494762.0,96112429179.0,587221162533.0,185231404977.0,93555042415.0,14224664853.0
11680650,2439559196.0,7426433046.0,305881355.0,28248586838.0,2842628191.0,11235956.0,9418057278.0,26529816450.0,23819626455.0,14209883214.0,84874990.0
11680655,1.0,69416553.0,1.0,4178325773.0,1.0,1.0,580147680.0,3631985924.0,15868809384.0,452479624.0,97204029.0
11680656,1510753675.0,284159627.0,1.0,10777428744.0,1543563965.0,17425743.0,2082573404.0,63975840171.0,16194162325.0,4845334924.0,1.0
11680660,1.0,1.0,1.0,1.0,1.0,1.0,9484585.0,1.0,1.0,1.0,1.0
11680670,396355739.0,12211690318.0,1.0,18197753408.0,1573444061.0,162373951.0,2434385701.0,28843677798.0,15384963005.0,4728679384.0,208418581.0
11680690,2927196907.0,3309808662.0,1.0,22448365024.0,45338800.0,1.0,3950975294.0,18534896277.0,8198125061.0,5662965484.0,16270004234.0
11680700,295045560.0,4636799911.0,36000000.0,25912693793.0,40109375.0,1.0,1936890241.0,17754223905.0,13895991333.0,358111944.0,1.0
11680730,1180165776.0,2880542818.0,1.0,21490346841.0,452716446.0,1.0,7181340124.0,38755474293.0,21612275723.0,3209714859.0,1.0
11680750,2979585287.0,2430427834.0,1.0,75593836568.0,3659756118.0,1.0,7602049038.0,45308935527.0,29841571529.0,14077814931.0,11437088216.0
11710510,821789606.0,948789651.0,116000078.0,13626261316.0,3310387305.0,1.0,1898215222.0,8149993727.0,10824331497.0,1289313412.0,1.0
11710531,483793373.0,484846631.0,1.0,15569191904.0,1.0,228052996.0,2016652375.0,9385629412.0,2997696751.0,973906726.0,3673162.0
11710532,5146759834.0,4438954945.0,1.0,13202654145.0,394278985.0,1.0,3887735321.0,24137585682.0,32641583680.0,6195005754.0,174681810.0
11710540,1071910619.0,1076611942.0,72259599.0,24010980062.0,28321398.0,34494383.0,2456413744.0,12286781739.0,65642244392.0,4482244533.0,1.0
11710550,2604402591.0,356448589.0,1.0,23375949111.0,645993610.0,1.0,8911693630.0,17378001164.0,14538381403.0,7548921897.0,1.0
11710561,427176066.0,64574355056.0,1.0,21507421499.0,4461981686.0,302621679.0,9322566242.0,65249282306.0,32092153640.0,6585975704.0,434385264.0
11710562,16446234307.0,19350326309.0,276850559.0,89367500392.0,3487690441.0,23271535201.0,44089052294.0,208196129394.0,46676223448.0,28651982661.0,5834182363.0
11710566,47827961561.0,3044238661.0,1.0,81382450736.0,18372486055.0,22918570980.0,43625457553.0,255961779731.0,33811205937.0,135112806083.0,13154079553.0
11710570,1846242178.0,17938283603.0,84570865.0,56105689970.0,249310421.0,1.0,7179594650.0,44758296584.0,8814162724.0,3940457807.0,2859223744.0
11710580,30843096024.0,7779333768.0,287365287.0,34153639692.0,2716480209.0,33012044.0,14879440220.0,88177248722.0,47284135919.0,16645408359.0,13105646772.0
11710590,95957627.0,1380361061.0,1.0,3422808395.0,1.0,1.0,578476626.0,1412383492.0,3630444495.0,178594655.0,1.0
11710600,11188670987.0,11731626706.0,162657141.0,60416092931.0,6871728436.0,1931117325.0,10759567931.0,70448643076.0,40663855036.0,17893981125.0,1.0
11710610,33673091555.0,15900413216.0,438727208.0,100385058809.0,316008885.0,1335999872.0,29470696219.0,61573675459.0,43722512443.0,4689483721.0,706532925.0
11710620,39406140098.0,8509306121.0,201746160.0,130651010267.0,1839557520.0,372769052.0,31421251216.0,161920826271.0,54343916012.0,26780105868.0,100978310.0
11710631,1.0,1.0,1.0,558142156067.0,1.0,1.0,1.0,70381224708.0,4910125358.0,810304667.0,1.0
11710632,3722444377.0,7804359636.0,166795809.0,45547959674.0,1979625314.0,1.0,12130636901.0,30514416874.0,31571727560.0,4514203104.0,1.0
11710641,3663726988.0,3622241820.0,494226204.0,44876822686.0,206178882.0,274550934.0,14252612023.0,43489810348.0,24179343796.0,66086461163.0,96757766.0
11710642,64020031279.0,4738340471.0,448625050.0,52169451047.0,19362981248.0,204130052.0,14049477515.0,120968507877.0,45719908817.0,75229981082.0,47944629402.0
11710646,1871372597.0,1674172171.0,71727904.0,14795883274.0,485778544.0,1.0,3350903084.0,16940445232.0,13072209390.0,559136170.0,1.0
11710647,1.0,97290000.0,1.0,1925272161.0,1.0,1.0,63146632.0,982456817.0,1.0,1.0,1.0
11710650,18783097608.0,53828217792.0,1013817916.0,148018149034.0,7217526346.0,10125449119.0,70198346785.0,254465872162.0,151392367210.0,38448025115.0,2680797457.0
11710690,1.0,988843556.0,1.0,2385284735.0,1.0,1.0,235650123.0,664520963.0,2049586820.0,219848786.0,1.0
11710710,25146837602.0,6790660378.0,1.0,44242447109.0,17544576885.0,1.0,31124079212.0,166032501451.0,51713787307.0,140877782797.0,20667172.0
11740515,1.0,5905886176.0,1.0,2160375574.0,547888857.0,1.0,1519001001.0,8969431011.0,7069837756.0,1913748934.0,1.0
11740520,116760130.0,1670109538.0,103039706.0,7393099507.0,329948691.0,1.0,4357617380.0,20774421683.0,12706919078.0,374348481.0,1.0
11740530,1713809474.0,10269510728.0,722798811.0,30752133055.0,2573046334.0,622162672.0,10301170394.0,57861269872.0,53584065113.0,21791627672.0,250803314.0
11740540,534566601.0,39902261408.0,1.0,17360306646.0,12107866179.0,93920514.0,8359966405.0,53052832355.0,27004213383.0,10452902789.0,1.0
11740550,483578915.0,2377393908.0,1.0,13632366996.0,131555796.0,1.0,1031162259.0,9682740785.0,4443879511.0,120067691.0,1.0
11740560,20151725.0,357266218.0,1.0,16439586880.0,1.0,1.0,821409496.0,11562407112.0,15061004237.0,404645402.0,1.0
11740570,1505882449.0,1699315077.0,2614103187.0,49322818915.0,219891737.0,483860512.0,5655515799.0,23351777935.0,9717641772.0,6176072363.0,1275769627.0
11740580,301018698.0,3655191512.0,680418779.0,7163483662.0,1.0,169816448.0,14734694061.0,43044768834.0,39580919087.0,5673877535.0,1.0
11740600,1878176239.0,9943283075.0,1.0,34633224283.0,320874324.0,231524988.0,6002150806.0,31641666246.0,26564209356.0,16183047546.0,725530921.0
11740610,17973553020.0,10375961708.0,467580702.0,97797609905.0,5906510710.0,7865869305.0,28445770828.0,176748826617.0,161992424705.0,122889812507.0,592030629.0
11740620,851646475.0,204682664.0,5399714.0,20820843981.0,141509193.0,1101966873.0,1745247736.0,8895987913.0,6091203848.0,4167061334.0,1.0
11740640,21840494468.0,2809917103.0,44118639.0,30368989700.0,3238821683.0,1.0,28790139788.0,56116748257.0,16538410138.0,11786622376.0,16349790.0
11740650,1224825710.0,3122605827.0,1442486.0,27723116068.0,172480365.0,789476441.0,4295910496.0,28901101530.0,11590091939.0,4274480231.0,30362642.0
11740660,15756698778.0,14957068962.0,406457217.0,72143403131.0,2471098158.0,1095320757.0,14492740776.0,78751770598.0,55556022556.0,21345287275.0,1.0
11740685,6133984869.0,12320449299.0,969183378.0,77800375981.0,1405478147.0,7963680118.0,17649892141.0,123368393918.0,128193915489.0,15301819147.0,2100699135.0
11740700,1565045450.0,4209941939.0,697175414.0,14636677862.0,2038530622.0,83778990.0,12916729420.0,25367953678.0,25123418892.0,9993628448.0,145246542.0
