행정동_코드,가구 및 가전제품,교육,기타,생필품,서적 및 문구,숙박,여가,음식점,의료,의류 및 패션,전자상거래업
11110515,43.0,9.0,1.0,116.0,30.0,9.0,50.0,602.0,15.0,74.0,3.0
11110530,170.0,90.0,1.0,369.0,83.0,15.0,333.0,4906.0,489.0,384.0,3.0
11110540,2.0,1.0,1.0,46.0,3.0,1.0,3.0,765.0,6.0,169.0,1.0
11110550,8.0,74.0,1.0,128.0,6.0,12.0,79.0,357.0,30.0,42.0,1.0
11110560,23.0,141.0,2.0,102.0,18.0,6.0,76.0,334.0,54.0,38.0,1.0
11110570,6.0,54.0,1.0,39.0,3.0,3.0,34.0,137.0,40.0,88.0,1.0
11110580,29.0,58.0,1.0,95.0,19.0,14.0,75.0,1082.0,154.0,35.0,1.0
11110600,31.0,10.0,1.0,168.0,36.0,1.0,64.0,1150.0,82.0,183.0,2.0
11110615,3659.0,422.0,62.0,2279.0,833.0,621.0,1132.0,12325.0,1600.0,6458.0,326.0
11110630,416.0,1.0,6.0,536.0,86.0,73.0,326.0,1928.0,605.0,381.0,18.0
11110640,29.0,24.0,1.0,162.0,41.0,6.0,54.0,829.0,51.0,32.0,7.0
11110650,92.0,148.0,1.0,315.0,64.0,52.0,401.0,3557.0,264.0,371.0,1.0
11110670,60.0,12.0,91.0,116.0,131.0,75.0,174.0,957.0,293.0,459.0,2.0
11110680,7.0,8.0,9.0,132.0,1.0,3.0,94.0,462.0,42.0,72.0,1.0
11110690,1.0,8.0,1.0,18.0,1.0,1.0,28.0,59.0,1.0,9.0,1.0
11110700,5.0,7.0,1.0,15.0,1.0,1.0,15.0,62.0,36.0,7.0,1.0
11110710,52.0,3.0,1.0,124.0,17.0,26.0,110.0,483.0,15.0,152.0,1.0
11140520,681.0,85.0,39.0,1904.0,296.0,192.0,770.0,6246.0,827.0,8576.0,213.0
11140540,444.0,1.0,22.0,1053.0,90.0,159.0,191.0,2506.0,423.0,5590.0,28.0
11140550,106.0,32.0,4.0,858.0,154.0,121.0,680.0,5770.0,867.0,2119.0,30.0
11140570,211.0,17.0,52.0,201.0,60.0,30.0,193.0,2007.0,153.0,82.0,1.0
11140580,11.0,9.0,6.0,139.0,20.0,18.0,90.0,728.0,71.0,13.0,5.0
11140590,500.0,14.0,6.0,1560.0,187.0,204.0,913.0,3463.0,362.0,27788.0,87.0
11140605,701.0,6.0,1.0,445.0,107.0,42.0,112.0,2166.0,201.0,251.0,41.0
11140615,58.0,15.0,1.0,279.0,15.0,39.0,258.0,1347.0,169.0,684.0,9.0
11140625,33.0,70.0,1.0,204.0,56.0,25.0,331.0,1058.0,337.0,162.0,30.0
11140635,32.0,28.0,1.0,116.0,1.0,4.0,85.0,222.0,101.0,22.0,1.0
11140645,7.0,28.0,3.0,24.0,1.0,1.0,50.0,145.0,18.0,18.0,3.0
11140650,65.0,17.0,1.0,168.0,6.0,14.0,205.0,544.0,175.0,112.0,1.0
11140665,8.0,29.0,6.0,52.0,1.0,6.0,136.0,224.0,36.0,18.0,3.0
11140670,248.0,30.0,1.0,275.0,23.0,32.0,68.0,650.0,71.0,185.0,1.0
11140680,64.0,10.0,1.0,128.0,19.0,11.0,75.0,668.0,120.0,58.0,1.0
11170510,31.0,69.0,2.0,272.0,6.0,15.0,154.0,692.0,135.0,75.0,5.0
11170520,22.0,20.0,1.0,88.0,1.0,1.0,73.0,514.0,12.0,24.0,1.0
11170530,41.0,41.0,1.0,191.0,10.0,78.0,316.0,1693.0,252.0,200.0,2.0
11170555,37.0,15.0,1.0,314.0,27.0,31.0,265.0,1481.0,60.0,356.0,8.0
11170560,46.0,7.0,1.0,101.0,6.0,1.0,64.0,462.0,8.0,19.0,11.0
11170570,2433.0,24.0,1.0,382.0,198.0,6.0,173.0,1051.0,76.0,12.0,243.0
11170580,20.0,89.0,1.0,63.0,1.0,1.0,45.0,196.0,48.0,18.0,3.0
11170590,80.0,29.0,6.0,353.0,20.0,30.0,185.0,765.0,139.0,161.0,6.0
11170625,411.0,35.0,14.0,290.0,65.0,83.0,221.0,2598.0,195.0,354.0,26.0
11170630,22.0,156.0,1.0,169.0,1.0,1.0,103.0,488.0,116.0,46.0,1.0
11170640,2.0,16.0,1.0,66.0,1.0,1.0,24.0,69.0,30.0,1.0,1.0
11170650,232.0,25.0,12.0,530.0,41.0,45.0,364.0,4399.0,125.0,2610.0,49.0
11170660,34.0,13.0,8.0,137.0,6.0,6.0,111.0,919.0,75.0,89.0,8.0
11170685,74.0,41.0,1.0,243.0,33.0,1.0,356.0,1560.0,170.0,212.0,19.0
11170690,1.0,24.0,1.0,128.0,1.0,6.0,53.0,174.0,6.0,10.0,1.0
11170700,30.0,29.0,15.0,139.0,1.0,5.0,145.0,412.0,84.0,48.0,7.0
11200520,21.0,25.0,6.0,61.0,11.0,7.0,115.0,247.0,70.0,52.0,1.0
11200535,27.0,13.0,13.0,172.0,12.0,110.0,175.0,884.0,102.0,87.0,15.0
11200540,8.0,70.0,10.0,184.0,18.0,12.0,173.0,770.0,122.0,17.0,4.0
11200550,10.0,32.0,1.0,116.0,5.0,7.0,183.0,1130.0,36.0,40.0,1.0
11200560,85.0,137.0,30.0,266.0,50.0,29.0,505.0,1847.0,439.0,405.0,1.0
11200580,1.0,17.0,1.0,24.0,8.0,1.0,23.0,63.0,24.0,4.0,1.0
11200590,17.0,69.0,1.0,45.0,1.0,1.0,58.0,144.0,41.0,16.0,1.0
11200615,42.0,49.0,1.0,121.0,6.0,24.0,150.0,603.0,93.0,139.0,2.0
11200620,23.0,47.0,6.0,102.0,12.0,11.0,189.0,577.0,197.0,162.0,1.0
11200645,6.0,101.0,1.0,75.0,1.0,1.0,104.0,243.0,33.0,50.0,3.0
11200650,34.0,92.0,6.0,199.0,10.0,8.0,196.0,573.0,100.0,100.0,26.0
11200660,55.0,74.0,1.0,274.0,10.0,16.0,213.0,1272.0,102.0,104.0,23.0
11200670,67.0,17.0,18.0,358.0,13.0,25.0,234.0,1358.0,135.0,254.0,12.0
11200690,57.0,96.0,6.0,466.0,44.0,20.0,334.0,1768.0,225.0,397.0,42.0
11200720,9.0,4.0,3.0,86.0,6.0,29.0,94.0,230.0,42.0,40.0,1.0
11200790,55.0,24.0,16.0,185.0,1.0,6.0,162.0,682.0,126.0,105.0,1.0
11215710,102.0,157.0,1.0,477.0,17.0,162.0,1263.0,4529.0,498.0,702.0,11.0
11215730,172.0,122.0,6.0,289.0,15.0,51.0,611.0,1750.0,369.0,358.0,12.0
11215740,42.0,20.0,3.0,391.0,1.0,6.0,150.0,515.0,94.0,122.0,1.0
11215750,14.0,152.0,1.0,200.0,11.0,12.0,266.0,482.0,83.0,76.0,3.0
11215760,52.0,30.0,1.0,133.0,11.0,27.0,273.0,592.0,114.0,89.0,1.0
11215770,72.0,81.0,15.0,311.0,32.0,1.0,273.0,525.0,132.0,183.0,11.0
11215780,65.0,68.0,6.0,200.0,18.0,39.0,276.0,738.0,213.0,168.0,11.0
11215810,3.0,5.0,1.0,82.0,3.0,9.0,87.0,523.0,39.0,47.0,1.0
11215820,75.0,63.0,6.0,498.0,25.0,8.0,402.0,947.0,225.0,495.0,2.0
11215830,21.0,107.0,1.0,273.0,21.0,1.0,370.0,726.0,156.0,93.0,2.0
11215840,45.0,77.0,9.0,140.0,6.0,6.0,194.0,387.0,42.0,63.0,1.0
11215847,62.0,39.0,3.0,329.0,12.0,30.0,405.0,916.0,174.0,122.0,7.0
11215850,119.0,122.0,25.0,359.0,42.0,39.0,834.0,2014.0,441.0,325.0,11.0
11215860,1.0,9.0,1.0,62.0,13.0,25.0,40.0,73.0,8.0,21.0,1.0
11215870,1246.0,662.0,1.0,323.0,82.0,16.0,415.0,1391.0,314.0,499.0,23.0
11230536,106.0,76.0,4.0,716.0,67.0,100.0,404.0,2605.0,262.0,313.0,26.0
11230545,101.0,47.0,6.0,2976.0,41.0,75.0,214.0,1820.0,858.0,156.0,25.0
11230560,53.0,57.0,6.0,388.0,31.0,48.0,450.0,1531.0,411.0,331.0,3.0
11230570,13.0,6.0,1.0,15.0,12.0,1.0,80.0,163.0,36.0,16.0,1.0
11230600,86.0,105.0,6.0,224.0,19.0,12.0,208.0,652.0,85.0,111.0,16.0
11230610,30.0,132.0,1.0,233.0,6.0,1.0,224.0,602.0,167.0,64.0,1.0
11230650,32.0,115.0,6.0,1093.0,33.0,56.0,586.0,2087.0,297.0,486.0,19.0
11230660,130.0,535.0,15.0,650.0,50.0,97.0,743.0,2090.0,513.0,294.0,15.0
11230705,11.0,9.0,1.0,75.0,1.0,12.0,55.0,184.0,1.0,3.0,1.0
11230710,56.0,79.0,1.0,152.0,18.0,32.0,309.0,1725.0,125.0,281.0,1.0
11230720,41.0,7.0,1.0,136.0,1.0,59.0,271.0,822.0,90.0,85.0,1.0
11230730,12.0,2.0,6.0,119.0,1.0,1.0,87.0,292.0,78.0,33.0,1.0
11230740,15.0,27.0,6.0,156.0,18.0,6.0,181.0,984.0,97.0,82.0,5.0
11230750,1.0,1.0,1.0,10.0,1.0,1.0,6.0,31.0,6.0,12.0,1.0
11260520,56.0,92.0,6.0,453.0,16.0,31.0,547.0,1396.0,292.0,301.0,1.0
11260540,7.0,41.0,1.0,83.0,1.0,1.0,111.0,197.0,12.0,11.0,1.0
11260550,23.0,10.0,1.0,113.0,6.0,15.0,161.0,305.0,17.0,45.0,3.0
11260565,85.0,59.0,18.0,624.0,15.0,18.0,481.0,1238.0,352.0,495.0,1.0
11260570,70.0,71.0,20.0,382.0,26.0,1.0,367.0,723.0,115.0,225.0,1.0
11260575,48.0,152.0,14.0,370.0,29.0,31.0,750.0,1708.0,412.0,375.0,1.0
11260580,42.0,101.0,1.0,143.0,1.0,6.0,185.0,399.0,118.0,45.0,1.0
11260590,75.0,45.0,9.0,349.0,9.0,161.0,593.0,1738.0,233.0,339.0,6.0
11260600,35.0,116.0,19.0,128.0,3.0,6.0,239.0,339.0,108.0,70.0,11.0
11260610,73.0,27.0,15.0,343.0,20.0,21.0,376.0,967.0,147.0,235.0,1.0
11260620,50.0,69.0,1.0,123.0,18.0,1.0,201.0,377.0,81.0,83.0,1.0
11260630,34.0,80.0,2.0,230.0,6.0,1.0,237.0,569.0,61.0,123.0,1.0
11260655,75.0,75.0,11.0,472.0,25.0,24.0,431.0,1119.0,233.0,261.0,14.0
11260660,18.0,8.0,6.0,75.0,1.0,1.0,45.0,156.0,12.0,17.0,1.0
11260680,16.0,210.0,11.0,123.0,15.0,12.0,279.0,849.0,114.0,299.0,13.0
11260690,3.0,89.0,1.0,16.0,15.0,1.0,70.0,82.0,96.0,142.0,1.0
11290525,36.0,23.0,1.0,76.0,13.0,1.0,88.0,403.0,63.0,48.0,1.0
11290555,104.0,291.0,15.0,454.0,27.0,40.0,461.0,1759.0,422.0,325.0,11.0
11290575,103.0,297.0,1.0,291.0,25.0,49.0,781.0,2388.0,296.0,594.0,1.0
11290600,64.0,46.0,1.0,358.0,38.0,15.0,464.0,2086.0,166.0,317.0,1.0
11290610,3.0,15.0,1.0,55.0,1.0,6.0,70.0,118.0,42.0,10.0,1.0
11290620,18.0,54.0,1.0,103.0,1.0,6.0,98.0,306.0,99.0,20.0,1.0
11290630,35.0,73.0,1.0,131.0,1.0,1.0,133.0,303.0,120.0,37.0,1.0
11290640,38.0,61.0,1.0,218.0,12.0,7.0,227.0,714.0,139.0,66.0,3.0
11290650,22.0,78.0,1.0,92.0,16.0,6.0,151.0,332.0,87.0,45.0,1.0
11290660,39.0,135.0,1.0,102.0,6.0,7.0,56.0,224.0,98.0,129.0,6.0
11290685,13.0,134.0,1.0,51.0,18.0,1.0,60.0,131.0,40.0,1.0,1.0
11290705,69.0,270.0,9.0,317.0,23.0,31.0,416.0,1029.0,237.0,176.0,1.0
11290715,45.0,54.0,6.0,262.0,18.0,4.0,191.0,560.0,192.0,234.0,1.0
11290725,55.0,23.0,5.0,135.0,32.0,7.0,276.0,869.0,147.0,116.0,3.0
11290760,4.0,60.0,1.0,129.0,12.0,9.0,106.0,303.0,66.0,41.0,1.0
11290770,88.0,25.0,1.0,321.0,6.0,1.0,122.0,488.0,81.0,116.0,8.0
11290780,1.0,1.0,1.0,1.0,1.0,1.0,1.0,5.0,1.0,1.0,1.0
11290810,108.0,76.0,12.0,306.0,36.0,34.0,407.0,1301.0,203.0,173.0,1.0
11305534,47.0,38.0,6.0,115.0,6.0,33.0,205.0,271.0,233.0,67.0,1.0
11305535,88.0,73.0,12.0,310.0,12.0,58.0,502.0,1373.0,318.0,161.0,2.0
11305545,68.0,68.0,9.0,332.0,6.0,100.0,354.0,1333.0,267.0,345.0,1.0
11305555,29.0,78.0,6.0,258.0,20.0,24.0,224.0,835.0,196.0,193.0,2.0
11305575,8.0,61.0,1.0,67.0,1.0,1.0,47.0,299.0,97.0,78.0,1.0
11305590,65.0,110.0,18.0,286.0,24.0,3.0,315.0,589.0,50.0,89.0,1.0
11305600,11.0,3.0,1.0,60.0,1.0,1.0,55.0,78.0,19.0,1.0,3.0
11305606,1.0,3.0,1.0,36.0,1.0,1.0,54.0,88.0,6.0,25.0,1.0
11305610,103.0,67.0,9.0,541.0,6.0,88.0,236.0,756.0,149.0,330.0,3.0
11305620,35.0,93.0,6.0,250.0,6.0,6.0,298.0,504.0,111.0,59.0,2.0
11305630,89.0,101.0,12.0,743.0,40.0,337.0,1537.0,3496.0,800.0,767.0,26.0
11305645,12.0,60.0,6.0,317.0,12.0,17.0,193.0,796.0,69.0,154.0,4.0
11305660,18.0,98.0,18.0,200.0,6.0,1.0,228.0,564.0,54.0,34.0,3.0
11320511,9.0,25.0,18.0,106.0,9.0,1.0,189.0,560.0,191.0,135.0,1.0
11320512,29.0,125.0,6.0,287.0,21.0,1.0,186.0,403.0,99.0,204.0,1.0
11320513,51.0,55.0,1.0,300.0,9.0,1.0,260.0,685.0,158.0,142.0,3.0
11320514,49.0,180.0,1.0,100.0,51.0,30.0,306.0,1111.0,366.0,180.0,2.0
11320515,26.0,177.0,1.0,171.0,12.0,12.0,191.0,429.0,54.0,53.0,1.0
11320521,76.0,46.0,3.0,412.0,19.0,27.0,476.0,1389.0,135.0,142.0,1.0
11320522,11.0,10.0,1.0,36.0,1.0,3.0,91.0,309.0,30.0,12.0,1.0
11320660,9.0,76.0,1.0,189.0,18.0,1.0,120.0,465.0,79.0,38.0,1.0
11320670,48.0,88.0,6.0,128.0,13.0,10.0,239.0,536.0,145.0,213.0,6.0
11320680,63.0,95.0,1.0,270.0,6.0,11.0,237.0,651.0,196.0,178.0,4.0
11320681,1.0,96.0,1.0,36.0,1.0,1.0,60.0,22.0,45.0,2.0,1.0
11320690,143.0,136.0,28.0,497.0,15.0,18.0,619.0,1704.0,217.0,383.0,8.0
11320700,68.0,124.0,21.0,433.0,27.0,4.0,333.0,653.0,114.0,197.0,1.0
11320710,1.0,27.0,1.0,36.0,1.0,1.0,36.0,141.0,84.0,12.0,1.0
11350560,35.0,66.0,1.0,210.0,25.0,12.0,436.0,1195.0,235.0,115.0,1.0
11350570,1.0,1.0,1.0,19.0,1.0,1.0,6.0,40.0,1.0,6.0,1.0
11350595,106.0,115.0,6.0,626.0,30.0,22.0,575.0,1716.0,320.0,395.0,12.0
11350600,31.0,85.0,1.0,113.0,18.0,14.0,188.0,789.0,79.0,132.0,1.0
11350611,3.0,34.0,1.0,102.0,6.0,1.0,50.0,220.0,30.0,6.0,3.0
11350619,13.0,1615.0,1.0,186.0,65.0,1.0,237.0,963.0,344.0,122.0,1.0
11350624,25.0,144.0,9.0,128.0,6.0,1.0,326.0,979.0,168.0,208.0,1.0
11350625,198.0,43.0,1.0,92.0,25.0,1.0,173.0,457.0,176.0,453.0,3.0
11350630,62.0,148.0,6.0,332.0,15.0,6.0,547.0,1351.0,252.0,149.0,3.0
11350640,162.0,342.0,15.0,512.0,64.0,89.0,1193.0,3369.0,1150.0,846.0,2.0
11350665,25.0,9.0,1.0,117.0,1.0,9.0,75.0,256.0,53.0,24.0,1.0
11350670,21.0,82.0,1.0,188.0,15.0,9.0,238.0,478.0,52.0,39.0,2.0
11350695,13.0,101.0,1.0,87.0,3.0,1.0,146.0,253.0,128.0,33.0,1.0
11350710,10.0,266.0,1.0,96.0,21.0,2.0,184.0,338.0,288.0,115.0,4.0
11350720,5.0,65.0,9.0,52.0,1.0,1.0,71.0,42.0,18.0,9.0,1.0
11380510,45.0,82.0,1.0,183.0,21.0,20.0,283.0,687.0,58.0,55.0,3.0
11380520,1.0,16.0,6.0,45.0,9.0,16.0,130.0,535.0,160.0,82.0,1.0
11380530,99.0,174.0,13.0,548.0,56.0,103.0,644.0,1388.0,664.0,724.0,1.0
11380551,49.0,175.0,6.0,303.0,1.0,28.0,637.0,1978.0,236.0,486.0,1.0
11380552,49.0,505.0,6.0,338.0,54.0,1.0,511.0,978.0,324.0,271.0,1.0
11380560,58.0,175.0,8.0,315.0,18.0,1.0,447.0,581.0,79.0,101.0,1.0
11380570,141.0,139.0,12.0,596.0,17.0,115.0,525.0,1647.0,447.0,645.0,2.0
11380580,77.0,207.0,12.0,235.0,28.0,15.0,362.0,831.0,334.0,131.0,1.0
11380590,6.0,1.0,1.0,47.0,1.0,1.0,33.0,60.0,22.0,18.0,1.0
11380600,103.0,127.0,3.0,478.0,23.0,36.0,472.0,1228.0,331.0,428.0,3.0
11380625,50.0,292.0,1.0,354.0,12.0,12.0,542.0,827.0,111.0,170.0,1.0
11380631,22.0,64.0,6.0,141.0,12.0,6.0,369.0,470.0,130.0,96.0,1.0
11380632,16.0,109.0,6.0,137.0,9.0,1.0,163.0,270.0,66.0,33.0,1.0
11380640,22.0,115.0,5.0,228.0,14.0,3.0,216.0,558.0,111.0,98.0,1.0
11380650,1.0,1.0,1.0,3.0,1.0,18.0,24.0,53.0,18.0,25.0,1.0
11380690,1.0,12.0,1.0,15.0,1.0,1.0,10.0,172.0,6.0,10.0,1.0
11410520,27.0,64.0,3.0,177.0,9.0,5.0,69.0,301.0,157.0,124.0,1.0
11410555,289.0,9.0,1.0,85.0,1.0,12.0,67.0,228.0,63.0,91.0,1.0
11410565,20.0,5.0,1.0,123.0,13.0,1.0,103.0,894.0,38.0,38.0,1.0
11410585,139.0,238.0,18.0,586.0,72.0,339.0,1478.0,6089.0,991.0,1208.0,1.0
11410615,117.0,156.0,12.0,415.0,36.0,9.0,350.0,1539.0,190.0,246.0,4.0
11410620,49.0,134.0,1.0,247.0,15.0,24.0,291.0,919.0,537.0,307.0,1.0
11410640,22.0,101.0,6.0,389.0,1.0,14.0,182.0,744.0,130.0,71.0,3.0
11410660,34.0,100.0,6.0,199.0,1.0,1.0,79.0,328.0,52.0,98.0,1.0
11410685,36.0,44.0,18.0,206.0,26.0,1.0,233.0,795.0,36.0,87.0,1.0
11410690,9.0,66.0,1.0,155.0,12.0,25.0,71.0,293.0,198.0,329.0,1.0
11410700,24.0,148.0,13.0,242.0,17.0,1.0,215.0,830.0,102.0,101.0,1.0
11410710,2.0,1.0,1.0,48.0,1.0,1.0,31.0,50.0,3.0,1.0,2.0
11410720,45.0,226.0,1.0,281.0,23.0,12.0,322.0,690.0,168.0,104.0,1.0
11440555,22.0,55.0,1.0,349.0,18.0,1.0,79.0,721.0,181.0,174.0,1.0
11440565,59.0,149.0,17.0,247.0,6.0,22.0,371.0,1662.0,451.0,154.0,1.0
11440585,26.0,39.0,1.0,126.0,18.0,18.0,235.0,1412.0,122.0,87.0,1.0
11440590,54.0,143.0,1.0,171.0,32.0,1.0,284.0,1116.0,172.0,104.0,6.0
11440600,22.0,142.0,1.0,100.0,15.0,1.0,162.0,440.0,49.0,17.0,1.0
11440610,42.0,55.0,1.0,157.0,22.0,6.0,169.0,583.0,110.0,316.0,2.0
11440630,27.0,60.0,1.0,155.0,24.0,83.0,76.0,546.0,90.0,28.0,1.0
11440655,25.0,114.0,16.0,196.0,29.0,4.0,323.0,1576.0,62.0,108.0,18.0
11440660,331.0,853.0,38.0,1122.0,195.0,74.0,2825.0,13451.0,948.0,2925.0,121.0
11440680,69.0,131.0,12.0,256.0,27.0,25.0,442.0,2141.0,191.0,323.0,29.0
11440690,66.0,47.0,5.0,383.0,12.0,1.0,278.0,1243.0,186.0,159.0,8.0
11440700,85.0,186.0,25.0,353.0,31.0,1.0,407.0,846.0,162.0,187.0,1.0
11440710,15.0,8.0,1.0,79.0,20.0,6.0,36.0,380.0,18.0,2.0,9.0
11440720,21.0,81.0,3.0,250.0,31.0,1.0,200.0,616.0,84.0,33.0,8.0
11440730,26.0,129.0,6.0,629.0,10.0,1.0,144.0,698.0,57.0,32.0,1.0
11440740,37.0,89.0,1.0,223.0,30.0,1.0,242.0,2999.0,228.0,97.0,4.0
11470510,17.0,495.0,1.0,89.0,28.0,3.0,313.0,990.0,281.0,143.0,1.0
11470520,29.0,82.0,3.0,218.0,3.0,7.0,282.0,491.0,156.0,99.0,1.0
11470530,122.0,78.0,7.0,282.0,10.0,2.0,509.0,1209.0,372.0,389.0,6.0
11470540,27.0,157.0,17.0,382.0,33.0,1.0,393.0,634.0,131.0,132.0,1.0
11470550,65.0,1946.0,1.0,257.0,50.0,1.0,385.0,1508.0,399.0,256.0,91.0
11470560,102.0,61.0,18.0,711.0,18.0,14.0,465.0,1065.0,170.0,325.0,4.0
11470570,49.0,108.0,1.0,226.0,12.0,6.0,190.0,379.0,101.0,101.0,1.0
11470580,37.0,35.0,1.0,250.0,6.0,1.0,164.0,421.0,96.0,89.0,1.0
11470590,57.0,157.0,2.0,188.0,9.0,1.0,267.0,595.0,65.0,46.0,1.0
11470600,26.0,26.0,1.0,148.0,24.0,15.0,204.0,377.0,55.0,57.0,1.0
11470610,11.0,14.0,6.0,70.0,1.0,1.0,85.0,173.0,108.0,95.0,1.0
11470611,99.0,117.0,6.0,197.0,13.0,1.0,310.0,586.0,162.0,122.0,3.0
11470620,28.0,246.0,1.0,244.0,23.0,7.0,222.0,899.0,148.0,135.0,1.0
11470630,49.0,443.0,1.0,255.0,6.0,1.0,293.0,539.0,111.0,143.0,1.0
11470640,14.0,98.0,1.0,71.0,6.0,1.0,104.0,159.0,78.0,8.0,1.0
11470650,112.0,344.0,30.0,503.0,50.0,24.0,1103.0,1968.0,721.0,963.0,10.0
11470680,1.0,1.0,1.0,21.0,1.0,1.0,37.0,27.0,1.0,1.0,1.0
11500510,8.0,17.0,1.0,65.0,1.0,17.0,43.0,107.0,30.0,5.0,1.0
11500520,22.0,111.0,1.0,150.0,20.0,1.0,162.0,434.0,32.0,22.0,5.0
11500530,2.0,31.0,1.0,48.0,1.0,1.0,47.0,65.0,1.0,36.0,1.0
11500535,74.0,494.0,18.0,277.0,15.0,1.0,417.0,1091.0,275.0,142.0,9.0
11500540,176.0,232.0,28.0,847.0,61.0,351.0,1183.0,2929.0,808.0,554.0,14.0
11500550,58.0,221.0,6.0,145.0,19.0,1.0,182.0,347.0,69.0,121.0,19.0
11500560,37.0,94.0,6.0,135.0,1.0,1.0,216.0,415.0,90.0,104.0,1.0
11500570,161.0,156.0,12.0,572.0,29.0,8.0,652.0,1169.0,355.0,390.0,1.0
11500590,60.0,229.0,9.0,382.0,36.0,59.0,286.0,693.0,156.0,150.0,1.0
11500591,23.0,76.0,12.0,313.0,13.0,101.0,530.0,1652.0,193.0,368.0,2.0
11500593,50.0,43.0,10.0,364.0,9.0,1.0,293.0,612.0,230.0,223.0,1.0
11500603,54.0,79.0,5.0,354.0,17.0,1.0,486.0,2341.0,268.0,185.0,9.0
11500605,8.0,42.0,1.0,18.0,1.0,1.0,12.0,60.0,55.0,1.0,1.0
11500611,43.0,290.0,1.0,830.0,30.0,1.0,218.0,641.0,298.0,189.0,1.0
11500615,33.0,401.0,6.0,174.0,17.0,1.0,326.0,519.0,126.0,150.0,8.0
11500620,54.0,90.0,1.0,412.0,18.0,24.0,414.0,1408.0,197.0,155.0,1.0
11500630,82.0,159.0,1.0,533.0,9.0,9.0,541.0,936.0,261.0,308.0,1.0
11500640,36.0,38.0,3.0,204.0,7.0,19.0,260.0,607.0,103.0,119.0,1.0
11500641,6.0,6.0,1.0,36.0,1.0,1.0,49.0,278.0,36.0,1.0,1.0
11530510,15.0,12.0,1.0,40.0,1.0,1.0,48.0,217.0,1.0,3.0,1.0
11530530,1217.0,39.0,1.0,1059.0,63.0,118.0,695.0,2421.0,385.0,453.0,16.0
11530540,162.0,106.0,3.0,455.0,87.0,35.0,672.0,3445.0,455.0,350.0,199.0
11530550,76.0,84.0,1.0,304.0,12.0,27.0,458.0,1299.0,281.0,317.0,1.0
11530560,406.0,130.0,1.0,422.0,63.0,36.0,590.0,2472.0,320.0,732.0,7.0
11530595,66.0,30.0,1.0,402.0,12.0,38.0,281.0,1093.0,77.0,84.0,1.0
11530720,37.0,25.0,8.0,224.0,15.0,3.0,288.0,769.0,119.0,119.0,1.0
11530730,78.0,131.0,7.0,573.0,18.0,1.0,474.0,1049.0,209.0,253.0,1.0
11530740,18.0,67.0,12.0,200.0,6.0,23.0,243.0,588.0,90.0,36.0,1.0
11530750,20.0,30.0,1.0,149.0,3.0,6.0,189.0,252.0,141.0,64.0,1.0
11530760,75.0,263.0,1.0,232.0,24.0,1.0,472.0,834.0,230.0,148.0,6.0
11530770,37.0,68.0,6.0,240.0,6.0,97.0,312.0,761.0,306.0,156.0,2.0
11530780,25.0,112.0,1.0,198.0,1.0,1.0,240.0,612.0,109.0,68.0,1.0
11530790,29.0,75.0,1.0,225.0,18.0,1.0,222.0,541.0,63.0,28.0,1.0
11545510,160.0,58.0,10.0,923.0,195.0,116.0,625.0,5148.0,456.0,568.0,133.0
11545610,123.0,58.0,13.0,1082.0,73.0,57.0,641.0,1825.0,304.0,182.0,16.0
11545620,52.0,107.0,1.0,265.0,6.0,10.0,326.0,520.0,145.0,86.0,7.0
11545630,127.0,54.0,1.0,597.0,25.0,15.0,505.0,1319.0,223.0,331.0,7.0
11545640,31.0,46.0,16.0,248.0,6.0,38.0,338.0,937.0,45.0,70.0,1.0
11545670,144.0,169.0,24.0,706.0,14.0,100.0,660.0,2151.0,557.0,531.0,1.0
11545680,1.0,38.0,1.0,41.0,6.0,1.0,56.0,123.0,27.0,12.0,1.0
11545690,27.0,48.0,6.0,130.0,8.0,1.0,144.0,381.0,60.0,33.0,3.0
11545700,15.0,80.0,6.0,252.0,12.0,1.0,190.0,431.0,175.0,84.0,1.0
11545710,21.0,114.0,1.0,371.0,1.0,1.0,323.0,581.0,262.0,139.0,1.0
11560515,14.0,12.0,9.0,98.0,1.0,9.0,67.0,287.0,40.0,192.0,1.0
11560535,331.0,69.0,8.0,959.0,70.0,361.0,729.0,3694.0,776.0,1235.0,21.0
11560540,144.0,426.0,1.0,643.0,129.0,6.0,511.0,6308.0,775.0,499.0,29.0
11560550,94.0,68.0,9.0,604.0,28.0,38.0,484.0,2152.0,210.0,219.0,9.0
11560560,51.0,168.0,7.0,263.0,18.0,28.0,405.0,1607.0,375.0,224.0,6.0
11560585,22.0,123.0,6.0,252.0,18.0,12.0,261.0,585.0,143.0,83.0,1.0
11560605,34.0,28.0,18.0,289.0,12.0,12.0,184.0,1407.0,160.0,58.0,7.0
11560610,15.0,12.0,1.0,101.0,3.0,5.0,78.0,489.0,47.0,32.0,4.0
11560620,28.0,88.0,18.0,232.0,16.0,26.0,226.0,1155.0,146.0,84.0,26.0
11560630,69.0,56.0,1.0,250.0,23.0,51.0,358.0,694.0,164.0,105.0,2.0
11560650,26.0,36.0,1.0,194.0,5.0,1.0,94.0,169.0,65.0,63.0,6.0
11560660,12.0,1.0,1.0,51.0,1.0,4.0,42.0,143.0,21.0,111.0,1.0
11560670,7.0,22.0,1.0,98.0,1.0,29.0,112.0,291.0,12.0,28.0,1.0
11560680,16.0,55.0,9.0,178.0,11.0,14.0,175.0,511.0,92.0,42.0,1.0
11560690,22.0,41.0,1.0,102.0,1.0,6.0,147.0,311.0,86.0,26.0,1.0
11560700,42.0,32.0,2.0,287.0,6.0,25.0,179.0,433.0,152.0,129.0,6.0
11560710,50.0,38.0,2.0,311.0,18.0,27.0,407.0,1077.0,54.0,184.0,1.0
11560720,53.0,125.0,1.0,435.0,29.0,1.0,748.0,1837.0,411.0,394.0,2.0
11590510,64.0,140.0,6.0,1796.0,67.0,134.0,360.0,2564.0,195.0,137.0,3.0
11590520,6.0,5.0,6.0,135.0,6.0,21.0,144.0,469.0,57.0,69.0,1.0
11590530,47.0,264.0,8.0,350.0,9.0,14.0,472.0,1614.0,284.0,155.0,6.0
11590540,65.0,80.0,6.0,242.0,9.0,8.0,277.0,814.0,160.0,260.0,1.0
11590550,28.0,50.0,1.0,200.0,1.0,1.0,263.0,370.0,138.0,274.0,1.0
11590560,15.0,115.0,1.0,155.0,1.0,3.0,178.0,408.0,117.0,39.0,1.0
11590605,33.0,58.0,1.0,134.0,12.0,6.0,164.0,867.0,47.0,86.0,1.0
11590620,56.0,118.0,13.0,338.0,15.0,18.0,414.0,1279.0,184.0,143.0,2.0
11590630,86.0,96.0,24.0,411.0,33.0,28.0,715.0,2337.0,911.0,343.0,6.0
11590640,19.0,51.0,1.0,115.0,2.0,1.0,80.0,144.0,17.0,26.0,4.0
11590650,31.0,63.0,1.0,239.0,12.0,3.0,318.0,574.0,265.0,116.0,3.0
11590651,18.0,32.0,1.0,63.0,6.0,1.0,34.0,60.0,1.0,3.0,1.0
11590660,38.0,504.0,6.0,258.0,45.0,19.0,371.0,1161.0,416.0,202.0,4.0
11590670,13.0,43.0,6.0,178.0,12.0,16.0,217.0,497.0,129.0,96.0,1.0
11590680,23.0,78.0,1.0,193.0,15.0,1.0,340.0,1232.0,169.0,82.0,1.0
11620525,32.0,107.0,22.0,235.0,12.0,1.0,295.0,571.0,143.0,100.0,1.0
11620545,1.0,1.0,1.0,1.0,1.0,1.0,6.0,1.0,3.0,1.0,1.0
11620565,6.0,158.0,1.0,30.0,6.0,1.0,43.0,58.0,36.0,1.0,1.0
11620575,56.0,88.0,6.0,216.0,18.0,4.0,227.0,389.0,167.0,171.0,1.0
11620585,11.0,27.0,1.0,167.0,1.0,1.0,129.0,1181.0,91.0,3.0,1.0
11620595,124.0,148.0,17.0,446.0,30.0,125.0,806.0,2348.0,628.0,929.0,5.0
11620605,12.0,1.0,6.0,110.0,1.0,1.0,99.0,320.0,24.0,57.0,5.0
11620615,25.0,76.0,6.0,156.0,3.0,1.0,145.0,600.0,186.0,81.0,3.0
11620625,18.0,74.0,3.0,334.0,18.0,1.0,198.0,649.0,136.0,143.0,1.0
11620630,5.0,77.0,1.0,170.0,11.0,1.0,151.0,363.0,114.0,57.0,1.0
11620645,25.0,38.0,1.0,99.0,8.0,52.0,286.0,1418.0,78.0,153.0,1.0
11620655,59.0,92.0,6.0,382.0,12.0,1.0,250.0,579.0,109.0,140.0,1.0
11620665,35.0,67.0,1.0,173.0,12.0,1.0,194.0,618.0,105.0,52.0,1.0
11620685,74.0,84.0,16.0,451.0,13.0,6.0,445.0,875.0,199.0,117.0,1.0
11620695,78.0,69.0,9.0,455.0,13.0,398.0,809.0,2212.0,467.0,793.0,3.0
11620715,1.0,5.0,1.0,44.0,1.0,1.0,24.0,35.0,15.0,1.0,1.0
11620725,37.0,45.0,6.0,353.0,12.0,12.0,268.0,800.0,122.0,367.0,1.0
11620735,27.0,79.0,15.0,268.0,82.0,9.0,491.0,1851.0,236.0,66.0,1.0
11620745,53.0,52.0,1.0,211.0,3.0,1.0,77.0,250.0,75.0,93.0,1.0
11620765,86.0,156.0,12.0,328.0,18.0,11.0,357.0,670.0,177.0,222.0,1.0
11620775,48.0,86.0,1.0,259.0,6.0,1.0,307.0,600.0,295.0,145.0,1.0
11650510,580.0,362.0,4.0,601.0,206.0,42.0,857.0,3813.0,1057.0,420.0,16.0
11650520,249.0,737.0,12.0,780.0,148.0,80.0,1521.0,6804.0,3028.0,1662.0,29.0
11650530,88.0,350.0,6.0,476.0,117.0,92.0,467.0,2791.0,284.0,193.0,16.0
11650540,36.0,182.0,18.0,267.0,30.0,38.0,453.0,1945.0,1197.0,234.0,20.0
11650550,31.0,85.0,1.0,61.0,15.0,1.0,41.0,83.0,15.0,179.0,1.0
11650560,18.0,14.0,19.0,187.0,6.0,3.0,182.0,408.0,7.0,48.0,1.0
11650581,550.0,1175.0,6.0,439.0,74.0,10.0,569.0,2069.0,681.0,960.0,18.0
11650590,139.0,157.0,6.0,156.0,11.0,21.0,375.0,1003.0,148.0,139.0,4.0
11650600,53.0,252.0,1.0,281.0,18.0,1.0,501.0,1146.0,480.0,203.0,16.0
11650610,87.0,133.0,7.0,272.0,33.0,72.0,517.0,2224.0,227.0,232.0,4.0
11650620,11.0,45.0,1.0,84.0,9.0,1.0,72.0,171.0,27.0,7.0,1.0
11650621,74.0,240.0,11.0,329.0,34.0,12.0,329.0,1067.0,207.0,223.0,1.0
11650651,88.0,112.0,9.0,369.0,26.0,13.0,441.0,1783.0,165.0,132.0,17.0
11650652,764.0,119.0,11.0,783.0,81.0,2.0,812.0,2877.0,336.0,317.0,14.0
11650660,42.0,1.0,1.0,22.0,1.0,1.0,6.0,72.0,12.0,6.0,1.0
11680510,132.0,878.0,26.0,295.0,74.0,17.0,882.0,3183.0,2131.0,1266.0,39.0
11680521,449.0,214.0,46.0,1057.0,49.0,39.0,1691.0,5443.0,1658.0,892.0,48.0
11680531,138.0,179.0,21.0,607.0,39.0,43.0,773.0,2851.0,815.0,455.0,12.0
11680545,195.0,465.0,13.0,625.0,87.0,22.0,1750.0,4322.0,1807.0,2007.0,52.0
11680565,190.0,338.0,13.0,453.0,41.0,2.0,1188.0,1993.0,924.0,867.0,17.0
11680580,172.0,30.0,4.0,286.0,65.0,9.0,233.0,1410.0,120.0,1047.0,27.0
11680590,218.0,616.0,49.0,973.0,115.0,84.0,1328.0,6649.0,1279.0,652.0,35.0
11680600,18.0,703.0,1.0,133.0,21.0,1.0,165.0,468.0,333.0,133.0,1.0
11680610,48.0,227.0,1.0,239.0,63.0,1.0,177.0,1368.0,252.0,242.0,95.0
11680630,140.0,3599.0,39.0,560.0,118.0,21.0,797.0,2154.0,776.0,402.0,14.0
11680640,324.0,421.0,38.0,1453.0,235.0,261.0,1904.0,8066.0,1182.0,746.0,82.0
11680650,45.0,101.0,2.0,235.0,17.0,1.0,217.0,500.0,233.0,81.0,6.0
11680655,1.0,3.0,1.0,33.0,1.0,1.0,18.0,42.0,36.0,11.0,2.0
11680656,33.0,12.0,1.0,103.0,15.0,1.0,100.0,778.0,63.0,85.0,1.0
11680660,1.0,1.0,1.0,1.0,1.0,1.0,6.0,1.0,1.0,1.0,1.0
11680670,9.0,293.0,1.0,205.0,21.0,3.0,217.0,560.0,194.0,231.0,7.0
11680690,36.0,90.0,1.0,189.0,2.0,1.0,133.0,449.0,33.0,41.0,11.0
11680700,11.0,65.0,3.0,135.0,9.0,1.0,69.0,436.0,81.0,11.0,1.0
11680730,32.0,86.0,1.0,252.0,26.0,1.0,293.0,848.0,207.0,104.0,1.0
11680750,31.0,42.0,1.0,105.0,12.0,1.0,160.0,743.0,192.0,113.0,12.0
11710510,49.0,29.0,6.0,138.0,12.0,1.0,160.0,317.0,98.0,67.0,1.0
11710531,9.0,30.0,1.0,83.0,1.0,18.0,134.0,265.0,35.0,37.0,1.0
11710532,28.0,77.0,1.0,93.0,9.0,1.0,234.0,475.0,240.0,246.0,2.0
11710540,48.0,59.0,9.0,166.0,12.0,12.0,219.0,573.0,222.0,109.0,1.0
11710550,78.0,30.0,1.0,340.0,20.0,1.0,212.0,494.0,130.0,268.0,1.0
11710561,29.0,785.0,1.0,200.0,34.0,9.0,429.0,1197.0,331.0,121.0,15.0
11710562,127.0,154.0,21.0,595.0,70.0,251.0,857.0,2751.0,471.0,301.0,7.0
11710566,183.0,39.0,1.0,296.0,69.0,139.0,328.0,1263.0,147.0,1299.0,53.0
11710570,52.0,329.0,3.0,444.0,6.0,1.0,414.0,860.0,71.0,110.0,15.0
11710580,108.0,202.0,6.0,355.0,54.0,1.0,612.0,1462.0,368.0,218.0,14.0
11710590,6.0,17.0,1.0,44.0,1.0,1.0,24.0,78.0,12.0,5.0,1.0
11710600,117.0,220.0,21.0,469.0,58.0,16.0,613.0,1512.0,420.0,341.0,1.0
11710610,129.0,271.0,18.0,504.0,25.0,18.0,694.0,1164.0,317.0,100.0,14.0
11710620,100.0,240.0,6.0,501.0,37.0,11.0,1140.0,2641.0,504.0,421.0,10.0
11710631,1.0,1.0,1.0,657.0,1.0,1.0,1.0,466.0,61.0,6.0,1.0
11710632,29.0,186.0,3.0,273.0,15.0,1.0,427.0,626.0,185.0,48.0,1.0
11710641,106.0,138.0,18.0,267.0,13.0,3.0,497.0,896.0,165.0,458.0,6.0
11710642,274.0,113.0,11.0,436.0,129.0,3.0,202.0,2682.0,417.0,449.0,35.0
11710646,27.0,70.0,6.0,147.0,15.0,1.0,207.0,453.0,90.0,6.0,1.0
11710647,1.0,6.0,1.0,15.0,1.0,1.0,18.0,9.0,1.0,1.0,1.0
11710650,188.0,997.0,35.0,1022.0,72.0,146.0,1621.0,4053.0,1250.0,906.0,14.0
11710690,1.0,10.0,1.0,18.0,1.0,1.0,25.0,24.0,33.0,3.0,1.0
11710710,31.0,53.0,1.0,172.0,9.0,1.0,136.0,860.0,308.0,137.0,4.0
11740515,1.0,190.0,1.0,46.0,12.0,1.0,80.0,201.0,118.0,34.0,1.0
11740520,9.0,56.0,6.0,135.0,12.0,1.0,161.0,686.0,75.0,21.0,1.0
11740530,58.0,305.0,16.0,331.0,39.0,10.0,574.0,1201.0,446.0,402.0,3.0
11740540,35.0,854.0,1.0,151.0,47.0,1.0,271.0,728.0,243.0,276.0,1.0
11740550,20.0,106.0,1.0,123.0,13.0,1.0,103.0,249.0,38.0,14.0,1.0
11740560,6.0,27.0,1.0,199.0,1.0,1.0,95.0,299.0,77.0,23.0,1.0
11740570,51.0,62.0,19.0,525.0,7.0,31.0,457.0,825.0,141.0,218.0,3.0
11740580,18.0,110.0,12.0,97.0,1.0,4.0,335.0,718.0,293.0,97.0,1.0
11740600,48.0,214.0,1.0,333.0,6.0,1.0,324.0,633.0,296.0,89.0,8.0
11740610,143.0,235.0,13.0,810.0,52.0,133.0,1091.0,3254.0,1094.0,1047.0,13.0
11740620,17.0,21.0,6.0,148.0,6.0,30.0,178.0,436.0,71.0,53.0,1.0
11740640,45.0,107.0,4.0,185.0,56.0,1.0,369.0,1278.0,129.0,91.0,5.0
11740650,81.0,83.0,1.0,362.0,6.0,6.0,436.0,901.0,73.0,136.0,9.0
11740660,151.0,340.0,13.0,559.0,40.0,15.0,868.0,1924.0,520.0,300.0,1.0
11740685,99.0,358.0,30.0,762.0,32.0,161.0,1075.0,2559.0,786.0,478.0,7.0
11740700,32.0,108.0,12.0,206.0,33.0,6.0,338.0,648.0,132.0,126.0,6.0
