행정동_코드,가구 및 가전제품,교육,기타,생필품,서적 및 문구,숙박,여가,음식점,의료,의류 및 패션,전자상거래업
11110515,34.0,9.0,1.0,103.0,17.0,7.0,40.0,581.0,12.0,56.0,1.0
11110530,125.0,96.0,1.0,391.0,70.0,7.0,321.0,4535.0,486.0,327.0,6.0
11110540,8.0,1.0,1.0,51.0,5.0,1.0,2.0,584.0,5.0,133.0,1.0
11110550,8.0,93.0,1.0,131.0,6.0,11.0,61.0,283.0,23.0,39.0,1.0
11110560,23.0,138.0,4.0,104.0,12.0,6.0,87.0,317.0,45.0,38.0,1.0
11110570,1.0,64.0,1.0,49.0,1.0,1.0,26.0,136.0,39.0,64.0,1.0
11110580,26.0,49.0,1.0,84.0,20.0,11.0,78.0,1064.0,173.0,29.0,1.0
11110600,33.0,12.0,1.0,163.0,18.0,1.0,55.0,1106.0,72.0,150.0,1.0
11110615,3566.0,432.0,68.0,2184.0,720.0,506.0,977.0,11181.0,1552.0,6321.0,392.0
11110630,448.0,1.0,6.0,484.0,86.0,49.0,318.0,1828.0,563.0,391.0,14.0
11110640,30.0,18.0,1.0,128.0,37.0,6.0,42.0,708.0,42.0,25.0,1.0
11110650,98.0,145.0,1.0,289.0,66.0,26.0,312.0,3150.0,253.0,255.0,3.0
11110670,58.0,8.0,108.0,151.0,194.0,40.0,158.0,812.0,309.0,561.0,1.0
11110680,5.0,12.0,6.0,119.0,1.0,1.0,85.0,422.0,24.0,42.0,1.0
11110690,1.0,6.0,1.0,13.0,1.0,1.0,25.0,63.0,1.0,9.0,1.0
11110700,2.0,13.0,1.0,12.0,1.0,1.0,18.0,41.0,36.0,12.0,1.0
11110710,44.0,4.0,1.0,106.0,19.0,23.0,76.0,449.0,9.0,149.0,1.0
11140520,668.0,125.0,33.0,1837.0,285.0,124.0,722.0,6298.0,837.0,8134.0,161.0
11140540,460.0,1.0,7.0,1063.0,89.0,89.0,163.0,2298.0,419.0,5636.0,21.0
11140550,62.0,58.0,1.0,635.0,112.0,53.0,613.0,4753.0,839.0,1087.0,15.0
11140570,186.0,13.0,34.0,193.0,70.0,19.0,154.0,1821.0,133.0,54.0,1.0
11140580,6.0,4.0,6.0,105.0,19.0,8.0,68.0,650.0,40.0,19.0,1.0
11140590,465.0,16.0,1.0,1615.0,161.0,175.0,865.0,2973.0,355.0,24256.0,159.0
11140605,899.0,1.0,1.0,416.0,146.0,16.0,90.0,2216.0,187.0,199.0,14.0
11140615,40.0,16.0,1.0,281.0,14.0,30.0,252.0,1327.0,156.0,979.0,18.0
11140625,21.0,66.0,1.0,189.0,53.0,29.0,327.0,959.0,340.0,148.0,29.0
11140635,23.0,19.0,1.0,103.0,1.0,1.0,77.0,197.0,101.0,22.0,1.0
11140645,6.0,12.0,1.0,24.0,1.0,1.0,51.0,141.0,16.0,21.0,6.0
11140650,48.0,16.0,1.0,151.0,6.0,10.0,171.0,566.0,169.0,80.0,1.0
11140665,12.0,30.0,6.0,42.0,1.0,6.0,134.0,198.0,36.0,22.0,1.0
11140670,246.0,32.0,1.0,389.0,23.0,23.0,75.0,626.0,70.0,146.0,3.0
11140680,48.0,9.0,1.0,156.0,20.0,16.0,54.0,596.0,122.0,81.0,1.0
11170510,43.0,73.0,1.0,246.0,6.0,12.0,128.0,627.0,126.0,63.0,1.0
11170520,22.0,25.0,1.0,106.0,1.0,1.0,63.0,536.0,12.0,31.0,1.0
11170530,40.0,54.0,1.0,183.0,14.0,68.0,257.0,1593.0,266.0,138.0,1.0
11170555,36.0,16.0,1.0,253.0,31.0,14.0,252.0,1354.0,58.0,276.0,1.0
11170560,45.0,12.0,1.0,94.0,6.0,1.0,55.0,413.0,12.0,13.0,6.0
11170570,2661.0,22.0,1.0,342.0,156.0,1.0,143.0,854.0,67.0,7.0,174.0
11170580,19.0,69.0,1.0,56.0,1.0,1.0,43.0,173.0,48.0,31.0,1.0
11170590,85.0,25.0,6.0,356.0,21.0,22.0,154.0,715.0,136.0,156.0,1.0
11170625,347.0,24.0,7.0,258.0,47.0,40.0,193.0,2373.0,185.0,238.0,13.0
11170630,20.0,168.0,1.0,163.0,3.0,1.0,78.0,439.0,108.0,34.0,1.0
11170640,1.0,23.0,1.0,70.0,1.0,1.0,23.0,68.0,21.0,1.0,1.0
11170650,211.0,17.0,4.0,499.0,32.0,38.0,340.0,3584.0,107.0,2215.0,47.0
11170660,17.0,1.0,7.0,119.0,7.0,6.0,116.0,791.0,78.0,82.0,1.0
11170685,91.0,45.0,1.0,233.0,40.0,1.0,383.0,1443.0,160.0,192.0,6.0
11170690,1.0,24.0,1.0,117.0,1.0,6.0,54.0,166.0,6.0,1.0,1.0
11170700,27.0,30.0,7.0,140.0,1.0,1.0,113.0,382.0,84.0,49.0,1.0
11200520,18.0,28.0,6.0,59.0,6.0,5.0,91.0,254.0,66.0,53.0,1.0
11200535,23.0,12.0,12.0,176.0,12.0,87.0,166.0,845.0,105.0,77.0,5.0
11200540,9.0,83.0,1.0,199.0,12.0,7.0,180.0,728.0,120.0,12.0,6.0
11200550,2.0,28.0,1.0,111.0,6.0,2.0,167.0,1113.0,36.0,32.0,1.0
11200560,96.0,130.0,36.0,231.0,31.0,12.0,483.0,1655.0,445.0,301.0,1.0
11200580,1.0,27.0,1.0,15.0,10.0,1.0,22.0,51.0,24.0,1.0,1.0
11200590,18.0,71.0,1.0,62.0,1.0,1.0,58.0,132.0,30.0,11.0,1.0
11200615,42.0,62.0,1.0,125.0,6.0,15.0,139.0,595.0,83.0,125.0,1.0
11200620,31.0,33.0,3.0,80.0,9.0,2.0,176.0,568.0,174.0,114.0,1.0
11200645,4.0,112.0,1.0,78.0,1.0,1.0,110.0,254.0,36.0,36.0,1.0
11200650,33.0,83.0,4.0,177.0,12.0,8.0,202.0,493.0,95.0,85.0,18.0
11200660,34.0,73.0,1.0,239.0,19.0,1.0,192.0,1301.0,109.0,103.0,8.0
11200670,47.0,16.0,10.0,321.0,12.0,5.0,215.0,1343.0,138.0,283.0,9.0
11200690,68.0,61.0,6.0,475.0,40.0,13.0,305.0,1681.0,239.0,412.0,21.0
11200720,8.0,6.0,1.0,98.0,6.0,25.0,73.0,218.0,37.0,32.0,1.0
11200790,61.0,23.0,17.0,179.0,1.0,1.0,193.0,669.0,108.0,67.0,1.0
11215710,95.0,126.0,1.0,415.0,3.0,104.0,1050.0,4314.0,479.0,608.0,12.0
11215730,135.0,116.0,6.0,270.0,1.0,38.0,575.0,1646.0,381.0,322.0,11.0
11215740,35.0,7.0,1.0,425.0,1.0,5.0,121.0,541.0,103.0,118.0,1.0
11215750,4.0,175.0,1.0,178.0,19.0,11.0,248.0,462.0,78.0,79.0,1.0
11215760,47.0,23.0,1.0,155.0,3.0,18.0,243.0,570.0,120.0,75.0,1.0
11215770,66.0,73.0,6.0,304.0,27.0,1.0,250.0,515.0,122.0,162.0,11.0
11215780,65.0,78.0,5.0,175.0,18.0,33.0,262.0,743.0,226.0,134.0,2.0
11215810,12.0,11.0,1.0,94.0,1.0,7.0,72.0,507.0,36.0,29.0,1.0
11215820,67.0,64.0,15.0,495.0,17.0,3.0,366.0,891.0,214.0,435.0,1.0
11215830,26.0,128.0,1.0,231.0,18.0,1.0,343.0,685.0,144.0,83.0,3.0
11215840,27.0,101.0,12.0,137.0,6.0,6.0,189.0,388.0,41.0,58.0,1.0
11215847,51.0,46.0,1.0,322.0,12.0,23.0,294.0,838.0,164.0,120.0,3.0
11215850,118.0,103.0,18.0,344.0,43.0,18.0,721.0,1931.0,437.0,258.0,10.0
11215860,3.0,34.0,1.0,55.0,12.0,14.0,46.0,71.0,10.0,9.0,1.0
11215870,1128.0,700.0,1.0,282.0,70.0,12.0,369.0,1192.0,345.0,418.0,15.0
11230536,81.0,83.0,6.0,837.0,56.0,59.0,336.0,2409.0,246.0,293.0,20.0
11230545,74.0,31.0,6.0,3917.0,40.0,69.0,203.0,1743.0,794.0,118.0,24.0
11230560,39.0,60.0,6.0,395.0,27.0,32.0,411.0,1309.0,364.0,290.0,5.0
11230570,12.0,5.0,1.0,9.0,12.0,1.0,81.0,156.0,39.0,22.0,1.0
11230600,105.0,108.0,6.0,191.0,16.0,10.0,168.0,625.0,87.0,91.0,18.0
11230610,29.0,137.0,1.0,253.0,3.0,1.0,247.0,575.0,134.0,68.0,2.0
11230650,22.0,113.0,15.0,1105.0,38.0,50.0,542.0,2055.0,306.0,424.0,7.0
11230660,160.0,566.0,15.0,581.0,60.0,55.0,658.0,1896.0,540.0,301.0,21.0
11230705,12.0,6.0,1.0,74.0,1.0,11.0,49.0,184.0,1.0,4.0,1.0
11230710,57.0,73.0,1.0,120.0,15.0,13.0,244.0,1653.0,113.0,195.0,1.0
11230720,28.0,17.0,1.0,130.0,1.0,36.0,228.0,668.0,84.0,89.0,2.0
11230730,6.0,1.0,1.0,100.0,1.0,1.0,102.0,250.0,75.0,21.0,1.0
11230740,17.0,30.0,1.0,153.0,12.0,1.0,146.0,862.0,105.0,68.0,1.0
11230750,1.0,1.0,1.0,8.0,1.0,1.0,1.0,25.0,6.0,13.0,1.0
11260520,62.0,95.0,12.0,447.0,15.0,27.0,468.0,1399.0,297.0,197.0,1.0
11260540,3.0,43.0,1.0,79.0,3.0,1.0,100.0,192.0,9.0,7.0,1.0
11260550,25.0,11.0,1.0,83.0,6.0,13.0,143.0,275.0,21.0,20.0,2.0
11260565,73.0,51.0,21.0,662.0,6.0,14.0,435.0,1227.0,357.0,471.0,1.0
11260570,50.0,94.0,24.0,397.0,27.0,1.0,352.0,657.0,118.0,203.0,1.0
11260575,47.0,117.0,15.0,369.0,20.0,22.0,649.0,1717.0,392.0,318.0,1.0
11260580,39.0,82.0,1.0,146.0,1.0,6.0,162.0,376.0,125.0,42.0,1.0
11260590,67.0,38.0,11.0,345.0,17.0,123.0,487.0,1605.0,237.0,279.0,1.0
11260600,34.0,79.0,12.0,114.0,4.0,6.0,197.0,274.0,118.0,63.0,10.0
11260610,52.0,16.0,18.0,305.0,12.0,14.0,351.0,945.0,152.0,220.0,3.0
11260620,47.0,75.0,1.0,124.0,20.0,1.0,185.0,396.0,77.0,79.0,1.0
11260630,51.0,58.0,1.0,226.0,1.0,1.0,212.0,508.0,71.0,98.0,1.0
11260655,57.0,75.0,15.0,474.0,21.0,25.0,393.0,1096.0,237.0,251.0,11.0
11260660,16.0,13.0,6.0,104.0,1.0,1.0,56.0,172.0,12.0,13.0,1.0
11260680,12.0,216.0,18.0,119.0,27.0,11.0,296.0,789.0,122.0,255.0,12.0
11260690,1.0,99.0,1.0,21.0,17.0,1.0,64.0,73.0,88.0,113.0,1.0
11290525,27.0,22.0,1.0,75.0,6.0,1.0,89.0,342.0,56.0,60.0,1.0
11290555,96.0,304.0,12.0,438.0,30.0,18.0,410.0,1611.0,387.0,253.0,15.0
11290575,86.0,373.0,6.0,224.0,24.0,48.0,729.0,2223.0,293.0,454.0,1.0
11290600,67.0,42.0,1.0,244.0,29.0,13.0,401.0,1872.0,150.0,227.0,1.0
11290610,2.0,11.0,1.0,55.0,1.0,1.0,68.0,116.0,42.0,10.0,1.0
11290620,17.0,49.0,1.0,84.0,1.0,6.0,111.0,281.0,90.0,30.0,1.0
11290630,24.0,103.0,1.0,106.0,1.0,1.0,132.0,265.0,114.0,36.0,1.0
11290640,31.0,53.0,1.0,204.0,6.0,4.0,191.0,607.0,136.0,56.0,1.0
11290650,18.0,81.0,12.0,86.0,6.0,6.0,134.0,278.0,104.0,36.0,1.0
11290660,39.0,160.0,1.0,94.0,1.0,6.0,48.0,195.0,90.0,132.0,6.0
11290685,10.0,143.0,1.0,55.0,12.0,1.0,58.0,154.0,32.0,1.0,1.0
11290705,64.0,269.0,6.0,281.0,24.0,31.0,352.0,925.0,223.0,147.0,1.0
11290715,39.0,50.0,6.0,225.0,18.0,1.0,174.0,546.0,192.0,214.0,1.0
11290725,46.0,14.0,6.0,128.0,30.0,6.0,205.0,846.0,138.0,105.0,1.0
11290760,8.0,54.0,1.0,114.0,6.0,10.0,85.0,297.0,66.0,31.0,1.0
11290770,41.0,27.0,1.0,234.0,1.0,1.0,139.0,420.0,67.0,75.0,1.0
11290810,88.0,53.0,12.0,294.0,35.0,30.0,384.0,1204.0,193.0,176.0,1.0
11305534,38.0,49.0,1.0,108.0,6.0,20.0,184.0,246.0,229.0,57.0,1.0
11305535,94.0,64.0,12.0,306.0,13.0,30.0,477.0,1342.0,298.0,122.0,1.0
11305545,57.0,69.0,6.0,311.0,12.0,87.0,342.0,1188.0,269.0,305.0,1.0
11305555,40.0,74.0,1.0,247.0,24.0,25.0,218.0,807.0,206.0,152.0,1.0
11305575,5.0,65.0,1.0,78.0,1.0,1.0,41.0,289.0,93.0,69.0,1.0
11305590,61.0,89.0,12.0,258.0,22.0,7.0,266.0,547.0,48.0,80.0,1.0
11305600,13.0,1.0,1.0,63.0,1.0,1.0,50.0,65.0,15.0,1.0,1.0
11305606,6.0,2.0,1.0,20.0,1.0,1.0,48.0,86.0,6.0,20.0,1.0
11305610,123.0,74.0,12.0,644.0,6.0,47.0,236.0,762.0,140.0,325.0,2.0
11305620,42.0,84.0,6.0,263.0,1.0,6.0,286.0,459.0,93.0,63.0,1.0
11305630,60.0,85.0,12.0,715.0,22.0,255.0,1404.0,3339.0,837.0,688.0,23.0
11305645,21.0,59.0,1.0,287.0,12.0,15.0,167.0,724.0,76.0,119.0,3.0
11305660,16.0,79.0,12.0,183.0,6.0,1.0,226.0,514.0,48.0,16.0,1.0
11320511,10.0,37.0,18.0,109.0,12.0,1.0,176.0,530.0,184.0,92.0,1.0
11320512,17.0,118.0,6.0,288.0,17.0,1.0,175.0,331.0,96.0,134.0,1.0
11320513,51.0,60.0,1.0,322.0,6.0,1.0,244.0,656.0,149.0,127.0,1.0
11320514,37.0,223.0,1.0,95.0,39.0,25.0,316.0,1058.0,384.0,149.0,1.0
11320515,16.0,196.0,1.0,114.0,3.0,13.0,186.0,449.0,60.0,31.0,1.0
11320521,69.0,35.0,1.0,419.0,21.0,16.0,427.0,1309.0,105.0,132.0,1.0
11320522,21.0,7.0,1.0,17.0,1.0,1.0,48.0,284.0,30.0,2.0,1.0
11320660,12.0,78.0,1.0,192.0,19.0,1.0,123.0,431.0,75.0,21.0,1.0
11320670,48.0,59.0,1.0,122.0,9.0,14.0,213.0,550.0,144.0,186.0,6.0
11320680,43.0,93.0,1.0,246.0,12.0,7.0,261.0,646.0,179.0,153.0,1.0
11320681,1.0,102.0,1.0,21.0,1.0,1.0,54.0,18.0,43.0,1.0,1.0
11320690,132.0,149.0,22.0,433.0,3.0,18.0,606.0,1670.0,199.0,306.0,1.0
11320700,79.0,132.0,18.0,472.0,26.0,6.0,339.0,620.0,112.0,158.0,1.0
11320710,1.0,38.0,1.0,38.0,1.0,1.0,40.0,122.0,81.0,12.0,1.0
11350560,26.0,56.0,1.0,198.0,12.0,12.0,354.0,1017.0,230.0,77.0,1.0
11350570,1.0,1.0,1.0,24.0,1.0,1.0,5.0,30.0,1.0,2.0,1.0
11350595,96.0,110.0,6.0,578.0,39.0,21.0,551.0,1605.0,345.0,371.0,12.0
11350600,35.0,90.0,1.0,138.0,17.0,6.0,189.0,768.0,87.0,91.0,1.0
11350611,1.0,18.0,1.0,109.0,6.0,1.0,55.0,186.0,24.0,1.0,1.0
11350619,14.0,1928.0,1.0,183.0,57.0,1.0,217.0,868.0,366.0,110.0,1.0
11350624,24.0,145.0,12.0,113.0,6.0,1.0,333.0,964.0,165.0,221.0,1.0
11350625,196.0,42.0,1.0,78.0,44.0,1.0,149.0,417.0,168.0,345.0,1.0
11350630,68.0,156.0,9.0,319.0,24.0,6.0,490.0,1263.0,238.0,136.0,1.0
11350640,135.0,299.0,12.0,523.0,70.0,76.0,1109.0,3241.0,1187.0,672.0,1.0
11350665,23.0,6.0,1.0,128.0,1.0,8.0,48.0,208.0,39.0,24.0,2.0
11350670,27.0,87.0,1.0,168.0,12.0,9.0,182.0,474.0,48.0,31.0,3.0
11350695,15.0,109.0,1.0,58.0,1.0,1.0,129.0,242.0,110.0,27.0,1.0
11350710,9.0,298.0,1.0,112.0,24.0,1.0,190.0,315.0,283.0,105.0,6.0
11350720,1.0,63.0,12.0,48.0,1.0,1.0,75.0,34.0,18.0,10.0,1.0
11380510,43.0,96.0,1.0,165.0,24.0,17.0,258.0,656.0,59.0,37.0,1.0
11380520,4.0,16.0,6.0,45.0,6.0,12.0,139.0,508.0,160.0,72.0,1.0
11380530,102.0,178.0,9.0,487.0,63.0,87.0,584.0,1310.0,671.0,589.0,1.0
11380551,47.0,165.0,6.0,294.0,1.0,24.0,535.0,1911.0,235.0,394.0,1.0
11380552,48.0,524.0,7.0,318.0,45.0,1.0,459.0,902.0,316.0,236.0,1.0
11380560,61.0,145.0,6.0,304.0,12.0,1.0,419.0,578.0,55.0,78.0,1.0
11380570,136.0,115.0,11.0,599.0,9.0,73.0,492.0,1592.0,426.0,607.0,1.0
11380580,73.0,218.0,6.0,220.0,22.0,6.0,364.0,839.0,348.0,112.0,1.0
11380590,6.0,1.0,1.0,47.0,1.0,1.0,26.0,74.0,18.0,18.0,1.0
11380600,74.0,95.0,1.0,459.0,26.0,37.0,412.0,1120.0,303.0,368.0,1.0
11380625,45.0,306.0,6.0,300.0,13.0,1.0,522.0,781.0,111.0,149.0,1.0
11380631,10.0,65.0,6.0,113.0,18.0,1.0,336.0,434.0,144.0,73.0,1.0
11380632,16.0,99.0,6.0,97.0,6.0,1.0,153.0,225.0,60.0,27.0,1.0
11380640,23.0,110.0,6.0,200.0,6.0,1.0,195.0,547.0,102.0,88.0,1.0
11380650,1.0,1.0,1.0,6.0,2.0,13.0,20.0,59.0,18.0,24.0,1.0
11380690,9.0,12.0,1.0,13.0,1.0,1.0,10.0,181.0,6.0,12.0,1.0
11410520,17.0,38.0,1.0,164.0,12.0,1.0,72.0,297.0,132.0,107.0,1.0
11410555,262.0,9.0,1.0,101.0,1.0,15.0,60.0,191.0,45.0,74.0,1.0
11410565,18.0,3.0,1.0,122.0,3.0,1.0,84.0,892.0,40.0,36.0,1.0
11410585,119.0,181.0,19.0,510.0,62.0,287.0,1342.0,5176.0,978.0,678.0,1.0
11410615,107.0,155.0,6.0,381.0,30.0,7.0,323.0,1452.0,195.0,229.0,1.0
11410620,33.0,120.0,1.0,209.0,13.0,18.0,261.0,824.0,543.0,231.0,1.0
11410640,16.0,94.0,6.0,441.0,1.0,12.0,156.0,767.0,92.0,82.0,1.0
11410660,34.0,102.0,3.0,196.0,4.0,1.0,73.0,314.0,49.0,95.0,1.0
11410685,38.0,25.0,18.0,180.0,18.0,1.0,214.0,741.0,39.0,66.0,1.0
11410690,12.0,105.0,1.0,102.0,12.0,19.0,92.0,260.0,243.0,250.0,1.0
11410700,26.0,152.0,12.0,240.0,11.0,1.0,224.0,679.0,100.0,74.0,1.0
11410710,4.0,1.0,1.0,38.0,1.0,1.0,15.0,68.0,1.0,1.0,1.0
11410720,55.0,180.0,1.0,250.0,16.0,12.0,325.0,580.0,174.0,89.0,1.0
11440555,24.0,61.0,1.0,303.0,12.0,1.0,91.0,780.0,194.0,130.0,1.0
11440565,51.0,147.0,13.0,237.0,6.0,10.0,344.0,1521.0,497.0,144.0,1.0
11440585,14.0,39.0,1.0,104.0,18.0,12.0,228.0,1312.0,116.0,64.0,1.0
11440590,40.0,187.0,1.0,157.0,31.0,1.0,233.0,1020.0,177.0,82.0,1.0
11440600,17.0,158.0,1.0,84.0,18.0,1.0,149.0,430.0,48.0,12.0,6.0
11440610,34.0,84.0,1.0,170.0,16.0,6.0,148.0,468.0,102.0,314.0,1.0
11440630,26.0,74.0,1.0,151.0,21.0,63.0,68.0,469.0,90.0,18.0,1.0
11440655,36.0,109.0,8.0,166.0,18.0,6.0,332.0,1383.0,59.0,87.0,4.0
11440660,264.0,713.0,38.0,956.0,151.0,49.0,2656.0,12400.0,939.0,2277.0,83.0
11440680,78.0,108.0,10.0,211.0,19.0,14.0,433.0,2024.0,210.0,309.0,18.0
11440690,51.0,24.0,3.0,395.0,20.0,1.0,277.0,1232.0,152.0,123.0,1.0
11440700,71.0,172.0,16.0,342.0,21.0,1.0,364.0,884.0,170.0,159.0,1.0
11440710,14.0,11.0,1.0,72.0,8.0,6.0,33.0,407.0,18.0,9.0,6.0
11440720,27.0,70.0,1.0,229.0,42.0,1.0,154.0,592.0,86.0,23.0,3.0
11440730,28.0,137.0,6.0,743.0,6.0,1.0,135.0,628.0,52.0,30.0,1.0
11440740,51.0,55.0,1.0,223.0,26.0,1.0,255.0,3031.0,251.0,85.0,3.0
11470510,14.0,528.0,6.0,89.0,36.0,8.0,313.0,992.0,328.0,111.0,1.0
11470520,35.0,88.0,3.0,199.0,6.0,4.0,275.0,504.0,145.0,73.0,2.0
11470530,102.0,86.0,10.0,272.0,6.0,1.0,505.0,1164.0,375.0,342.0,5.0
11470540,26.0,166.0,12.0,346.0,32.0,1.0,385.0,586.0,121.0,108.0,1.0
11470550,69.0,2333.0,1.0,227.0,35.0,1.0,337.0,1324.0,437.0,232.0,7.0
11470560,84.0,56.0,18.0,811.0,17.0,3.0,441.0,1064.0,156.0,349.0,1.0
11470570,45.0,109.0,1.0,237.0,6.0,6.0,155.0,303.0,90.0,76.0,1.0
11470580,39.0,28.0,1.0,191.0,7.0,1.0,164.0,456.0,90.0,73.0,1.0
11470590,47.0,136.0,1.0,196.0,6.0,1.0,252.0,564.0,72.0,47.0,1.0
11470600,29.0,18.0,1.0,153.0,12.0,17.0,171.0,359.0,54.0,45.0,1.0
11470610,10.0,31.0,6.0,75.0,1.0,1.0,91.0,186.0,106.0,84.0,1.0
11470611,96.0,99.0,1.0,177.0,12.0,1.0,295.0,577.0,166.0,101.0,1.0
11470620,34.0,227.0,1.0,217.0,15.0,9.0,210.0,887.0,148.0,116.0,1.0
11470630,38.0,489.0,1.0,235.0,6.0,1.0,259.0,489.0,118.0,90.0,1.0
11470640,14.0,89.0,1.0,78.0,12.0,1.0,106.0,147.0,78.0,6.0,1.0
11470650,101.0,327.0,20.0,522.0,45.0,15.0,1045.0,1892.0,738.0,899.0,12.0
11470680,1.0,1.0,1.0,21.0,1.0,1.0,53.0,24.0,1.0,1.0,1.0
11500510,6.0,17.0,1.0,56.0,1.0,5.0,30.0,75.0,27.0,6.0,1.0
11500520,25.0,99.0,1.0,143.0,12.0,1.0,136.0,461.0,32.0,16.0,5.0
11500530,1.0,11.0,1.0,36.0,1.0,1.0,44.0,72.0,1.0,23.0,1.0
11500535,75.0,526.0,18.0,276.0,19.0,1.0,359.0,1005.0,306.0,151.0,9.0
11500540,167.0,245.0,24.0,737.0,53.0,220.0,1209.0,2905.0,787.0,478.0,15.0
11500550,54.0,207.0,6.0,153.0,34.0,1.0,166.0,308.0,73.0,103.0,6.0
11500560,22.0,96.0,6.0,142.0,1.0,1.0,209.0,414.0,81.0,73.0,1.0
11500570,154.0,158.0,12.0,577.0,29.0,9.0,554.0,1259.0,370.0,308.0,1.0
11500590,63.0,227.0,6.0,374.0,30.0,46.0,248.0,676.0,136.0,140.0,1.0
11500591,27.0,89.0,6.0,285.0,9.0,80.0,419.0,1562.0,189.0,277.0,1.0
11500593,48.0,52.0,7.0,415.0,6.0,1.0,286.0,538.0,235.0,203.0,1.0
11500603,73.0,68.0,1.0,381.0,38.0,1.0,487.0,2572.0,317.0,151.0,6.0
11500605,6.0,35.0,1.0,25.0,1.0,1.0,12.0,62.0,54.0,1.0,1.0
11500611,46.0,306.0,1.0,768.0,30.0,1.0,229.0,627.0,272.0,134.0,1.0
11500615,28.0,402.0,5.0,151.0,33.0,1.0,290.0,462.0,108.0,81.0,8.0
11500620,62.0,80.0,1.0,425.0,12.0,23.0,368.0,1169.0,198.0,114.0,1.0
11500630,89.0,153.0,8.0,530.0,12.0,12.0,483.0,887.0,270.0,267.0,1.0
11500640,28.0,36.0,1.0,158.0,9.0,20.0,283.0,528.0,99.0,119.0,1.0
11500641,6.0,6.0,1.0,47.0,12.0,1.0,45.0,278.0,37.0,1.0,1.0
11530510,13.0,6.0,1.0,36.0,1.0,1.0,45.0,186.0,1.0,1.0,1.0
11530530,2052.0,36.0,1.0,1022.0,78.0,89.0,549.0,2304.0,346.0,414.0,12.0
11530540,194.0,101.0,6.0,450.0,79.0,37.0,626.0,3433.0,449.0,352.0,86.0
11530550,50.0,75.0,1.0,277.0,1.0,22.0,374.0,1244.0,260.0,285.0,1.0
11530560,378.0,124.0,1.0,422.0,79.0,30.0,545.0,2268.0,296.0,570.0,9.0
11530595,82.0,38.0,1.0,390.0,12.0,39.0,234.0,948.0,77.0,64.0,1.0
11530720,38.0,22.0,6.0,213.0,26.0,1.0,251.0,760.0,90.0,78.0,1.0
11530730,82.0,151.0,1.0,563.0,16.0,1.0,490.0,1079.0,195.0,207.0,1.0
11530740,12.0,55.0,12.0,171.0,6.0,18.0,206.0,533.0,90.0,34.0,1.0
11530750,25.0,35.0,1.0,130.0,1.0,6.0,191.0,252.0,115.0,61.0,1.0
11530760,86.0,263.0,1.0,230.0,24.0,1.0,456.0,767.0,218.0,101.0,1.0
11530770,40.0,65.0,1.0,235.0,6.0,84.0,268.0,657.0,294.0,134.0,3.0
11530780,21.0,96.0,1.0,169.0,1.0,1.0,215.0,559.0,111.0,65.0,1.0
11530790,17.0,64.0,1.0,225.0,24.0,1.0,188.0,501.0,63.0,23.0,1.0
11545510,149.0,50.0,15.0,917.0,235.0,86.0,593.0,5270.0,521.0,456.0,127.0
11545610,111.0,62.0,6.0,1270.0,73.0,35.0,573.0,1744.0,317.0,168.0,2.0
11545620,63.0,84.0,1.0,226.0,6.0,1.0,333.0,510.0,143.0,83.0,1.0
11545630,126.0,60.0,1.0,552.0,15.0,6.0,444.0,1336.0,212.0,309.0,2.0
11545640,32.0,45.0,14.0,212.0,6.0,29.0,338.0,877.0,48.0,71.0,1.0
11545670,127.0,151.0,12.0,722.0,18.0,65.0,675.0,2173.0,544.0,394.0,1.0
11545680,1.0,29.0,1.0,32.0,6.0,1.0,58.0,116.0,36.0,12.0,1.0
11545690,27.0,47.0,6.0,123.0,12.0,1.0,138.0,377.0,63.0,32.0,1.0
11545700,12.0,64.0,6.0,227.0,6.0,1.0,185.0,398.0,171.0,66.0,1.0
11545710,24.0,109.0,1.0,329.0,1.0,1.0,276.0,537.0,243.0,118.0,1.0
11560515,12.0,19.0,6.0,92.0,1.0,6.0,46.0,259.0,38.0,154.0,1.0
11560535,308.0,64.0,6.0,971.0,80.0,298.0,651.0,3321.0,754.0,1298.0,8.0
11560540,147.0,473.0,1.0,600.0,116.0,6.0,519.0,6536.0,832.0,436.0,11.0
11560550,82.0,49.0,17.0,722.0,25.0,40.0,425.0,2013.0,213.0,179.0,10.0
11560560,49.0,181.0,2.0,271.0,19.0,18.0,385.0,1562.0,392.0,205.0,6.0
11560585,21.0,92.0,6.0,205.0,18.0,6.0,226.0,555.0,137.0,65.0,1.0
11560605,25.0,28.0,6.0,365.0,12.0,9.0,147.0,1501.0,167.0,68.0,6.0
11560610,14.0,17.0,1.0,134.0,6.0,6.0,70.0,466.0,48.0,28.0,7.0
11560620,17.0,77.0,12.0,176.0,23.0,24.0,209.0,1112.0,166.0,59.0,16.0
11560630,64.0,47.0,1.0,253.0,24.0,26.0,306.0,677.0,152.0,99.0,3.0
11560650,21.0,36.0,6.0,166.0,3.0,1.0,88.0,156.0,74.0,61.0,6.0
11560660,1.0,1.0,1.0,49.0,1.0,1.0,26.0,126.0,8.0,121.0,1.0
11560670,12.0,30.0,1.0,71.0,1.0,24.0,117.0,242.0,12.0,34.0,1.0
11560680,10.0,42.0,6.0,154.0,7.0,10.0,185.0,449.0,90.0,38.0,1.0
11560690,26.0,52.0,1.0,95.0,1.0,1.0,121.0,301.0,91.0,23.0,3.0
11560700,23.0,27.0,1.0,269.0,1.0,20.0,158.0,393.0,127.0,102.0,3.0
11560710,43.0,30.0,5.0,311.0,12.0,13.0,344.0,1024.0,69.0,183.0,1.0
11560720,44.0,98.0,1.0,432.0,39.0,5.0,592.0,1755.0,433.0,376.0,1.0
11590510,56.0,112.0,6.0,2277.0,69.0,61.0,324.0,2230.0,205.0,122.0,1.0
11590520,6.0,3.0,1.0,98.0,1.0,6.0,101.0,398.0,52.0,52.0,1.0
11590530,46.0,296.0,9.0,315.0,12.0,7.0,441.0,1413.0,298.0,114.0,2.0
11590540,52.0,90.0,1.0,219.0,6.0,2.0,245.0,696.0,161.0,194.0,1.0
11590550,27.0,63.0,1.0,159.0,1.0,1.0,245.0,377.0,144.0,306.0,1.0
11590560,9.0,85.0,1.0,152.0,1.0,1.0,165.0,347.0,108.0,41.0,1.0
11590605,19.0,57.0,1.0,124.0,11.0,6.0,171.0,785.0,49.0,67.0,1.0
11590620,45.0,103.0,9.0,282.0,12.0,1.0,349.0,1219.0,186.0,109.0,6.0
11590630,65.0,98.0,12.0,405.0,24.0,21.0,679.0,2185.0,908.0,282.0,2.0
11590640,15.0,54.0,1.0,94.0,1.0,2.0,52.0,127.0,12.0,11.0,1.0
11590650,22.0,69.0,1.0,260.0,12.0,3.0,317.0,532.0,269.0,95.0,1.0
11590651,19.0,37.0,1.0,62.0,9.0,1.0,40.0,56.0,1.0,1.0,1.0
11590660,39.0,545.0,6.0,227.0,46.0,18.0,345.0,1138.0,438.0,168.0,1.0
11590670,13.0,36.0,6.0,181.0,12.0,13.0,197.0,452.0,124.0,71.0,1.0
11590680,27.0,59.0,1.0,208.0,9.0,1.0,328.0,1232.0,167.0,74.0,1.0
11620525,27.0,114.0,18.0,203.0,6.0,1.0,295.0,533.0,132.0,79.0,1.0
11620545,1.0,1.0,1.0,1.0,1.0,1.0,5.0,6.0,1.0,1.0,1.0
11620565,9.0,156.0,1.0,28.0,1.0,1.0,43.0,58.0,36.0,1.0,1.0
11620575,27.0,73.0,6.0,225.0,18.0,1.0,212.0,407.0,149.0,135.0,3.0
11620585,10.0,31.0,1.0,163.0,1.0,1.0,110.0,1050.0,86.0,1.0,1.0
11620595,104.0,183.0,21.0,437.0,25.0,90.0,809.0,2361.0,672.0,896.0,2.0
11620605,8.0,1.0,6.0,106.0,1.0,1.0,98.0,318.0,18.0,42.0,5.0
11620615,19.0,56.0,9.0,151.0,1.0,1.0,150.0,540.0,195.0,78.0,1.0
11620625,7.0,46.0,6.0,351.0,18.0,1.0,178.0,574.0,139.0,105.0,1.0
11620630,1.0,52.0,1.0,168.0,6.0,1.0,151.0,314.0,102.0,31.0,1.0
11620645,18.0,36.0,1.0,102.0,1.0,30.0,253.0,1217.0,60.0,135.0,1.0
11620655,46.0,73.0,6.0,344.0,12.0,1.0,226.0,606.0,102.0,137.0,1.0
11620665,39.0,51.0,4.0,157.0,12.0,1.0,144.0,554.0,90.0,48.0,1.0
11620685,68.0,91.0,6.0,468.0,12.0,3.0,457.0,825.0,203.0,98.0,4.0
11620695,68.0,75.0,6.0,445.0,16.0,294.0,754.0,2139.0,483.0,605.0,6.0
11620715,1.0,6.0,1.0,32.0,1.0,1.0,18.0,27.0,18.0,1.0,1.0
11620725,35.0,41.0,6.0,312.0,12.0,12.0,227.0,722.0,134.0,310.0,1.0
11620735,16.0,84.0,6.0,251.0,72.0,2.0,432.0,1764.0,237.0,38.0,1.0
11620745,50.0,48.0,1.0,247.0,6.0,1.0,47.0,229.0,63.0,102.0,1.0
11620765,86.0,153.0,6.0,331.0,12.0,1.0,318.0,624.0,178.0,221.0,1.0
11620775,43.0,81.0,1.0,241.0,6.0,1.0,289.0,517.0,277.0,131.0,1.0
11650510,575.0,294.0,2.0,529.0,218.0,34.0,790.0,3665.0,980.0,351.0,18.0
11650520,224.0,674.0,5.0,780.0,136.0,53.0,1508.0,5959.0,3163.0,1406.0,11.0
11650530,110.0,378.0,7.0,425.0,104.0,55.0,427.0,2529.0,323.0,146.0,11.0
11650540,39.0,200.0,16.0,232.0,30.0,16.0,355.0,1794.0,1317.0,224.0,8.0
11650550,10.0,57.0,1.0,29.0,9.0,1.0,37.0,71.0,11.0,105.0,1.0
11650560,15.0,17.0,11.0,148.0,6.0,1.0,166.0,390.0,9.0,45.0,1.0
11650581,593.0,1495.0,6.0,483.0,76.0,6.0,577.0,2025.0,692.0,1082.0,3.0
11650590,144.0,171.0,1.0,160.0,12.0,18.0,347.0,905.0,140.0,140.0,4.0
11650600,48.0,267.0,1.0,308.0,27.0,3.0,503.0,1073.0,473.0,122.0,15.0
11650610,65.0,130.0,12.0,249.0,29.0,64.0,430.0,2083.0,247.0,199.0,1.0
11650620,10.0,28.0,1.0,63.0,9.0,1.0,57.0,147.0,30.0,6.0,1.0
11650621,70.0,221.0,1.0,294.0,27.0,9.0,286.0,1000.0,200.0,196.0,1.0
11650651,105.0,118.0,7.0,314.0,33.0,9.0,403.0,1637.0,178.0,88.0,12.0
11650652,824.0,131.0,6.0,811.0,108.0,1.0,718.0,2746.0,359.0,284.0,6.0
11650660,30.0,1.0,1.0,18.0,1.0,1.0,18.0,92.0,12.0,1.0,1.0
11680510,89.0,948.0,32.0,265.0,55.0,12.0,832.0,3055.0,2164.0,971.0,24.0
11680521,421.0,177.0,21.0,1018.0,38.0,20.0,1627.0,5056.0,1707.0,764.0,22.0
11680531,142.0,224.0,18.0,569.0,50.0,32.0,725.0,2724.0,816.0,388.0,6.0
11680545,191.0,478.0,5.0,592.0,86.0,12.0,1677.0,4236.0,1818.0,1921.0,46.0
11680565,157.0,344.0,6.0,455.0,30.0,1.0,1045.0,1674.0,903.0,810.0,9.0
11680580,162.0,19.0,1.0,271.0,56.0,6.0,165.0,1266.0,132.0,1048.0,25.0
11680590,235.0,551.0,34.0,908.0,103.0,63.0,1206.0,6398.0,1299.0,662.0,28.0
11680600,12.0,755.0,1.0,151.0,18.0,1.0,149.0,347.0,349.0,91.0,1.0
11680610,48.0,221.0,1.0,219.0,49.0,2.0,140.0,1319.0,268.0,221.0,3.0
11680630,111.0,3998.0,34.0,545.0,118.0,4.0,739.0,1952.0,744.0,323.0,3.0
11680640,299.0,430.0,19.0,1336.0,230.0,160.0,1691.0,7830.0,1169.0,615.0,40.0
11680650,51.0,95.0,1.0,232.0,20.0,1.0,187.0,462.0,240.0,62.0,8.0
11680655,1.0,6.0,1.0,25.0,1.0,1.0,16.0,31.0,41.0,9.0,1.0
11680656,24.0,12.0,1.0,93.0,17.0,1.0,117.0,793.0,79.0,82.0,1.0
11680660,1.0,1.0,1.0,1.0,1.0,1.0,3.0,1.0,1.0,1.0,1.0
11680670,7.0,300.0,1.0,193.0,18.0,1.0,204.0,602.0,232.0,224.0,6.0
11680690,40.0,109.0,1.0,172.0,6.0,1.0,141.0,458.0,43.0,38.0,8.0
11680700,9.0,65.0,1.0,138.0,6.0,1.0,72.0,422.0,89.0,7.0,1.0
11680730,34.0,112.0,1.0,216.0,23.0,1.0,277.0,791.0,212.0,89.0,1.0
11680750,25.0,30.0,1.0,90.0,23.0,1.0,181.0,764.0,214.0,98.0,1.0
11710510,43.0,24.0,6.0,118.0,12.0,1.0,136.0,291.0,90.0,61.0,1.0
11710531,8.0,19.0,1.0,89.0,1.0,18.0,129.0,254.0,34.0,24.0,1.0
11710532,21.0,70.0,1.0,85.0,6.0,1.0,210.0,421.0,263.0,228.0,1.0
11710540,48.0,71.0,6.0,164.0,12.0,12.0,201.0,539.0,225.0,110.0,1.0
11710550,86.0,33.0,1.0,388.0,12.0,1.0,205.0,499.0,147.0,280.0,1.0
11710561,23.0,917.0,1.0,173.0,32.0,1.0,376.0,1117.0,341.0,106.0,7.0
11710562,126.0,163.0,21.0,544.0,77.0,216.0,764.0,2596.0,478.0,271.0,5.0
11710566,187.0,68.0,1.0,337.0,55.0,137.0,345.0,1441.0,161.0,1113.0,116.0
11710570,43.0,286.0,3.0,439.0,1.0,1.0,354.0,802.0,74.0,91.0,3.0
11710580,95.0,214.0,6.0,313.0,42.0,1.0,528.0,1383.0,384.0,201.0,2.0
11710590,5.0,24.0,1.0,49.0,1.0,1.0,32.0,71.0,11.0,3.0,1.0
11710600,101.0,264.0,24.0,458.0,55.0,13.0,598.0,1482.0,381.0,218.0,1.0
11710610,105.0,283.0,17.0,482.0,24.0,12.0,636.0,1159.0,324.0,104.0,6.0
11710620,90.0,193.0,6.0,472.0,35.0,15.0,883.0,2408.0,476.0,391.0,5.0
11710631,1.0,1.0,1.0,919.0,1.0,1.0,1.0,395.0,56.0,6.0,1.0
11710632,37.0,187.0,1.0,264.0,19.0,1.0,365.0,559.0,190.0,27.0,1.0
11710641,74.0,144.0,14.0,264.0,1.0,1.0,471.0,822.0,150.0,382.0,3.0
11710642,265.0,149.0,12.0,474.0,97.0,1.0,175.0,3088.0,463.0,353.0,35.0
11710646,31.0,68.0,6.0,155.0,13.0,1.0,176.0,456.0,87.0,7.0,1.0
11710647,1.0,4.0,1.0,6.0,1.0,1.0,18.0,10.0,1.0,1.0,1.0
11710650,226.0,1077.0,30.0,1005.0,52.0,120.0,1527.0,3723.0,1257.0,774.0,6.0
11710690,1.0,12.0,1.0,12.0,1.0,1.0,42.0,36.0,38.0,6.0,1.0
11710710,17.0,56.0,1.0,144.0,9.0,1.0,158.0,835.0,352.0,138.0,9.0
11740515,1.0,175.0,1.0,48.0,9.0,1.0,68.0,175.0,117.0,36.0,1.0
11740520,4.0,80.0,1.0,145.0,14.0,1.0,160.0,713.0,84.0,21.0,6.0
11740530,53.0,349.0,16.0,309.0,31.0,14.0,529.0,1145.0,444.0,297.0,1.0
11740540,20.0,1021.0,1.0,143.0,44.0,1.0,294.0,775.0,307.0,170.0,1.0
11740550,12.0,135.0,1.0,113.0,13.0,1.0,91.0,225.0,43.0,23.0,1.0
11740560,5.0,58.0,1.0,169.0,3.0,1.0,169.0,387.0,129.0,38.0,1.0
11740570,48.0,59.0,15.0,486.0,7.0,12.0,440.0,895.0,128.0,143.0,1.0
11740580,18.0,130.0,5.0,97.0,1.0,2.0,300.0,665.0,305.0,97.0,1.0
11740600,36.0,189.0,1.0,307.0,3.0,1.0,305.0,635.0,300.0,79.0,1.0
11740610,119.0,236.0,13.0,764.0,45.0,117.0,1029.0,2869.0,1083.0,886.0,3.0
11740620,15.0,13.0,6.0,134.0,6.0,12.0,164.0,407.0,66.0,58.0,1.0
11740640,43.0,107.0,1.0,161.0,49.0,1.0,352.0,1154.0,130.0,67.0,6.0
11740650,82.0,79.0,1.0,294.0,6.0,3.0,365.0,836.0,63.0,138.0,3.0
11740660,112.0,346.0,6.0,587.0,30.0,13.0,784.0,1894.0,512.0,250.0,6.0
11740685,101.0,346.0,21.0,734.0,29.0,117.0,910.0,2443.0,814.0,365.0,1.0
11740700,44.0,104.0,18.0,187.0,24.0,6.0,292.0,551.0,123.0,105.0,1.0
