,Unnamed: 0,code,year,sales per count,store density,cluster
0,0,11110515,2019,18081.8,115.5,2
1,4,11110530,2019,22891.8,1914.5,1
2,8,11110540,2019,25632.6,252.0,0
3,12,11110550,2019,25802.1,79.0,0
4,16,11110560,2019,17885.8,17.75,2
5,20,11110570,2019,17903.0,190.0,2
6,24,11110580,2019,21694.3,1496.5,3
7,28,11110600,2019,17499.8,1061.5,3
8,32,11110615,2019,21734.7,2562.75,1
9,36,11110630,2019,19261.5,1555.5,3
10,40,11110640,2019,19534.8,533.0,2
11,44,11110650,2019,18235.5,1537.0,3
12,48,11110670,2019,20518.8,1549.5,3
13,52,11110680,2019,29585.5,904.75,3
14,56,11110690,2019,14854.2,114.0,2
15,60,11110700,2019,19148.5,136.75,2
16,64,11110710,2019,16314.6,666.0,2
17,68,11140520,2019,19559.6,3232.5,1
18,72,11140540,2019,17205.7,1467.0,3
19,76,11140550,2019,19261.1,2842.5,1
20,80,11140570,2019,15691.9,857.25,3
21,84,11140580,2019,22249.5,261.5,0
22,88,11140590,2019,17268.4,2340.5,1
23,92,11140605,2019,23939.6,1693.0,3
24,96,11140615,2019,21044.7,1195.25,3
25,100,11140625,2019,20254.8,998.25,3
26,104,11140635,2019,21874.6,240.0,0
27,108,11140645,2019,20365.2,205.25,2
28,112,11140650,2019,23397.4,680.25,3
29,116,11140665,2019,15507.0,421.25,2
30,120,11140670,2019,27500.1,977.25,3
31,124,11140680,2019,22930.3,671.0,3
32,128,11170510,2019,23794.4,396.75,0
33,132,11170520,2019,25531.0,128.0,0
34,136,11170530,2019,22537.5,681.25,3
35,140,11170555,2019,9986.3,790.5,2
36,144,11170560,2019,25373.9,395.25,0
37,148,11170570,2019,17150.8,743.5,3
38,152,11170580,2019,12536.8,223.75,2
39,156,11170590,2019,25201.8,1316.0,3
40,160,11170625,2019,20623.1,429.0,2
41,164,11170630,2019,26387.7,84.75,0
42,168,11170640,2019,20833.6,28.25,2
43,172,11170650,2019,26077.9,3824.25,1
44,176,11170660,2019,30732.7,578.75,0
45,180,11170685,2019,32101.2,252.25,0
46,184,11170690,2019,28290.1,30.5,0
47,188,11170700,2019,27301.1,283.5,0
48,192,11200520,2019,17387.0,284.5,2
49,196,11200535,2019,30815.9,616.0,0
50,200,11200540,2019,33200.9,363.5,0
51,204,11200550,2019,14059.1,494.25,2
52,208,11200560,2019,16869.2,1493.25,3
53,212,11200580,2019,12494.9,57.75,2
54,216,11200590,2019,26763.1,159.25,0
55,220,11200615,2019,20502.8,453.25,2
56,224,11200620,2019,21669.5,327.0,2
57,228,11200645,2019,22084.2,61.0,0
58,232,11200650,2019,26308.2,143.25,0
59,236,11200660,2019,18100.3,675.0,2
60,240,11200670,2019,18586.4,549.25,2
61,244,11200690,2019,16002.2,833.0,3
62,248,11200720,2019,18208.6,154.0,2
63,252,11200790,2019,18131.5,142.5,2
64,256,11215710,2019,16701.3,1880.5,1
65,260,11215730,2019,23736.7,1171.0,3
66,264,11215740,2019,24598.3,408.0,0
67,268,11215750,2019,19949.7,431.0,2
68,272,11215760,2019,16021.9,467.75,2
69,276,11215770,2019,24009.2,111.25,0
70,280,11215780,2019,16472.2,317.5,2
71,284,11215810,2019,23489.6,108.0,0
72,288,11215820,2019,16325.8,830.75,3
73,292,11215830,2019,20684.2,212.75,2
74,296,11215840,2019,26661.0,152.5,0
75,300,11215847,2019,34919.3,388.5,0
76,304,11215850,2019,22185.8,1744.0,3
77,308,11215860,2019,23637.7,25.75,0
78,312,11215870,2019,14398.0,676.75,2
79,316,11230536,2019,19600.4,791.25,3
80,320,11230545,2019,21281.0,750.75,3
81,324,11230560,2019,13364.8,632.0,2
82,328,11230570,2019,17799.1,94.75,2
83,332,11230600,2019,17207.2,381.0,2
84,336,11230610,2019,16814.2,339.75,2
85,340,11230650,2019,23755.5,809.75,3
86,344,11230660,2019,21677.4,928.5,3
87,348,11230705,2019,28399.0,71.25,0
88,352,11230710,2019,14535.0,1054.75,3
89,356,11230720,2019,14127.3,630.75,2
90,360,11230730,2019,12275.1,141.0,2
91,364,11230740,2019,10335.3,483.5,2
92,368,11230750,2019,11941.0,24.75,2
93,372,11260520,2019,22330.5,857.25,3
94,376,11260540,2019,19271.8,114.75,2
95,380,11260550,2019,29398.3,215.25,0
96,384,11260565,2019,22392.1,715.25,3
97,388,11260570,2019,22169.7,296.0,0
98,392,11260575,2019,17558.3,514.75,2
99,396,11260580,2019,24221.2,218.25,0
100,400,11260590,2019,21286.5,1310.75,3
101,404,11260600,2019,21197.9,260.0,2
102,408,11260610,2019,21204.8,468.5,2
103,412,11260620,2019,18680.0,153.0,2
104,416,11260630,2019,23640.2,412.5,0
105,420,11260655,2019,24512.6,179.25,0
106,424,11260660,2019,27162.2,77.25,0
107,428,11260680,2019,22411.5,159.0,0
108,432,11260690,2019,10573.1,44.5,2
109,436,11290525,2019,27745.5,66.25,0
110,440,11290555,2019,19387.6,954.5,3
111,444,11290575,2019,15525.3,1574.75,3
112,448,11290600,2019,14017.1,777.25,3
113,452,11290610,2019,11633.8,99.5,2
114,456,11290620,2019,21953.5,333.75,2
115,460,11290630,2019,19406.5,130.75,2
116,464,11290640,2019,21974.7,93.75,0
117,468,11290650,2019,17585.6,50.25,2
118,472,11290660,2019,17081.6,165.25,2
119,476,11290685,2019,16260.0,107.25,2
120,480,11290705,2019,16567.5,346.0,2
121,484,11290715,2019,19926.7,344.75,2
122,488,11290725,2019,12098.2,320.0,2
123,492,11290760,2019,22355.3,210.25,0
124,496,11290770,2019,26461.7,365.75,0
125,500,11290780,2019,41739.6,3.75,0
126,501,11290810,2019,23000.8,372.5,0
127,505,11305534,2019,15928.6,155.75,2
128,509,11305535,2019,17885.3,717.25,3
129,513,11305545,2019,20321.2,634.0,2
130,517,11305555,2019,22425.3,457.5,0
131,521,11305575,2019,20982.1,223.75,2
132,525,11305590,2019,26955.2,434.5,0
133,529,11305600,2019,18926.3,42.0,2
134,533,11305606,2019,23663.0,38.0,0
135,537,11305610,2019,19347.5,220.5,2
136,541,11305620,2019,22577.1,440.0,0
137,545,11305630,2019,23524.7,2348.5,1
138,549,11305645,2019,23282.3,38.25,0
139,553,11305660,2019,23056.1,85.0,0
140,557,11320511,2019,14622.6,300.0,2
141,561,11320512,2019,18344.8,182.5,2
142,565,11320513,2019,24565.2,495.0,0
143,569,11320514,2019,17307.2,562.0,2
144,573,11320515,2019,18675.4,283.5,2
145,577,11320521,2019,27030.3,78.75,0
146,581,11320522,2019,26066.3,180.0,0
147,585,11320660,2019,11998.0,186.75,2
148,589,11320670,2019,18467.8,497.5,2
149,593,11320680,2019,19924.6,617.0,2
150,597,11320681,2019,24060.1,24.0,0
151,601,11320690,2019,20979.9,1188.0,3
152,605,11320700,2019,17403.7,436.5,2
153,609,11320710,2019,18407.0,26.25,2
154,613,11350560,2019,14540.0,511.5,2
155,617,11350570,2019,4924.5,12.5,2
156,621,11350595,2019,23164.9,605.0,0
157,625,11350600,2019,15360.1,53.75,2
158,629,11350611,2019,24320.0,71.25,0
159,633,11350619,2019,11675.2,235.75,2
160,637,11350624,2019,19137.3,276.25,2
161,641,11350625,2019,14269.2,247.5,2
162,645,11350630,2019,24304.4,119.0,0
163,649,11350640,2019,17876.2,2676.0,1
164,653,11350665,2019,14930.1,25.0,2
165,657,11350670,2019,18540.1,225.5,2
166,661,11350695,2019,10529.6,113.75,2
167,665,11350710,2019,10444.0,197.75,2
168,669,11350720,2019,19181.9,28.25,2
169,673,11380510,2019,30900.3,193.5,0
170,677,11380520,2019,24352.5,84.0,0
171,681,11380530,2019,14934.4,495.75,2
172,685,11380551,2019,21910.3,978.5,3
173,689,11380552,2019,15175.2,487.5,2
174,693,11380560,2019,14167.8,206.5,2
175,697,11380570,2019,15388.5,960.5,3
176,701,11380580,2019,17717.3,331.5,2
177,705,11380590,2019,26316.2,38.25,0
178,709,11380600,2019,24853.9,956.75,3
179,713,11380625,2019,21001.0,342.75,2
180,717,11380631,2019,14555.2,269.5,2
181,721,11380632,2019,15210.1,132.5,2
182,725,11380640,2019,20640.5,332.5,2
183,729,11380650,2019,48508.3,21.5,0
184,733,11380690,2019,10780.8,6.25,2
185,737,11410520,2019,22847.0,158.25,0
186,741,11410555,2019,25277.7,255.5,0
187,745,11410565,2019,21242.7,387.75,2
188,749,11410585,2019,14151.7,1127.75,3
189,753,11410615,2019,21251.0,247.25,2
190,757,11410620,2019,16689.0,354.5,2
191,761,11410640,2019,21222.6,455.5,2
192,765,11410660,2019,18846.8,101.75,2
193,769,11410685,2019,11773.0,190.25,2
194,773,11410690,2019,25306.5,282.75,0
195,777,11410700,2019,14654.0,516.75,2
196,781,11410710,2019,38127.4,49.0,0
197,785,11410720,2019,21508.7,402.5,2
198,789,11440555,2019,30167.1,455.0,0
199,793,11440565,2019,19626.5,818.25,3
200,797,11440585,2019,27689.9,1101.5,3
201,801,11440590,2019,31926.2,646.0,0
202,805,11440600,2019,13094.8,258.25,2
203,809,11440610,2019,13836.1,684.75,2
204,813,11440630,2019,12057.6,348.0,2
205,817,11440655,2019,17746.8,540.5,2
206,821,11440660,2019,18875.1,3961.75,1
207,825,11440680,2019,16315.3,623.25,2
208,829,11440690,2019,16756.2,523.25,2
209,833,11440700,2019,18613.6,613.0,2
210,837,11440710,2019,20170.2,279.25,2
211,841,11440720,2019,27628.7,377.75,0
212,845,11440730,2019,16617.1,161.25,2
213,849,11440740,2019,17315.4,168.0,2
214,853,11470510,2019,25956.8,346.0,0
215,857,11470520,2019,21089.7,238.25,2
216,861,11470530,2019,18044.4,1104.5,3
217,865,11470540,2019,16969.9,547.25,2
218,869,11470550,2019,14997.2,408.25,2
219,873,11470560,2019,22956.3,808.5,3
220,877,11470570,2019,18237.1,309.25,2
221,881,11470580,2019,17004.6,241.0,2
222,885,11470590,2019,17194.5,571.5,2
223,889,11470600,2019,22077.2,267.5,0
224,893,11470610,2019,16484.0,208.0,2
225,897,11470611,2019,16890.4,236.0,2
226,901,11470620,2019,19341.4,617.0,2
227,905,11470630,2019,19439.8,527.75,2
228,909,11470640,2019,14996.9,28.25,2
229,913,11470650,2019,18659.4,941.0,3
230,917,11470680,2019,31498.0,10.5,0
231,921,11500510,2019,23720.8,29.5,0
232,925,11500520,2019,19860.6,327.25,2
233,929,11500530,2019,17106.9,33.5,2
234,933,11500535,2019,21309.9,666.0,3
235,937,11500540,2019,17825.0,1273.25,3
236,941,11500550,2019,14250.2,353.0,2
237,945,11500560,2019,21659.7,370.5,2
238,949,11500570,2019,20849.5,692.75,3
239,953,11500590,2019,17631.6,334.0,2
240,957,11500591,2019,23824.7,733.0,3
241,961,11500593,2019,11520.4,547.5,2
242,965,11500603,2019,28248.3,230.5,0
243,969,11500605,2019,13173.6,58.5,2
244,973,11500611,2019,14844.8,106.75,2
245,977,11500615,2019,26229.5,197.25,0
246,981,11500620,2019,25513.8,63.75,0
247,985,11500630,2019,21279.1,314.0,2
248,989,11500640,2019,23109.0,46.25,0
249,993,11500641,2019,13255.8,54.25,2
250,997,11530510,2019,27450.6,75.75,0
251,1001,11530530,2019,20709.3,692.0,3
252,1005,11530540,2019,16406.7,1623.5,3
253,1009,11530550,2019,23653.6,1372.0,3
254,1013,11530560,2019,13905.0,1209.0,3
255,1017,11530595,2019,29908.5,1344.0,3
256,1021,11530720,2019,14650.8,320.25,2
257,1025,11530730,2019,21234.9,494.75,2
258,1029,11530740,2019,20604.1,222.25,2
259,1033,11530750,2019,14841.5,159.75,2
260,1037,11530760,2019,22056.4,487.0,2
261,1041,11530770,2019,16818.6,633.25,2
262,1045,11530780,2019,21203.0,94.25,2
263,1049,11530790,2019,20161.7,102.25,2
264,1053,11545510,2019,14059.5,963.0,3
265,1057,11545610,2019,19395.6,416.25,2
266,1061,11545620,2019,23599.0,416.75,0
267,1065,11545630,2019,23895.0,698.0,3
268,1069,11545640,2019,30736.2,756.0,0
269,1073,11545670,2019,21464.1,616.75,2
270,1077,11545680,2019,20822.4,48.0,2
271,1081,11545690,2019,23226.2,178.25,0
272,1085,11545700,2019,22500.0,238.0,0
273,1089,11545710,2019,17642.2,203.25,2
274,1093,11560515,2019,10097.8,134.0,2
275,1097,11560535,2019,22828.7,1446.0,3
276,1101,11560540,2019,25733.1,359.5,0
277,1105,11560550,2019,18979.5,1404.5,3
278,1109,11560560,2019,15554.6,504.25,2
279,1113,11560585,2019,15064.0,327.0,2
280,1117,11560605,2019,19604.9,452.5,2
281,1121,11560610,2019,18144.7,267.75,2
282,1125,11560620,2019,18158.7,187.75,2
283,1129,11560630,2019,16591.6,520.5,2
284,1133,11560650,2019,32010.2,156.75,0
285,1137,11560660,2019,28437.1,185.0,0
286,1141,11560670,2019,14450.7,307.75,2
287,1145,11560680,2019,27783.9,386.75,0
288,1149,11560690,2019,24357.2,239.5,0
289,1153,11560700,2019,18098.3,437.75,2
290,1157,11560710,2019,48249.3,945.25,0
291,1161,11560720,2019,29776.2,925.75,3
292,1165,11590510,2019,12621.6,802.0,3
293,1169,11590520,2019,16523.6,384.0,2
294,1173,11590530,2019,13510.4,507.25,2
295,1177,11590540,2019,20670.8,411.5,2
296,1181,11590550,2019,12512.1,300.25,2
297,1185,11590560,2019,23594.7,276.0,0
298,1189,11590605,2019,12471.3,248.5,2
299,1193,11590620,2019,27129.5,793.0,3
300,1197,11590630,2019,18059.4,411.25,2
301,1201,11590640,2019,22053.0,83.5,0
302,1205,11590650,2019,11754.5,765.5,2
303,1209,11590651,2019,17745.8,53.25,2
304,1213,11590660,2019,18689.3,359.5,2
305,1217,11590670,2019,22010.0,395.75,2
306,1221,11590680,2019,17778.9,587.75,2
307,1225,11620525,2019,18403.8,359.75,2
308,1229,11620545,2019,29202.9,7.666666666666667,0
309,1233,11620565,2019,15694.4,43.0,2
310,1237,11620575,2019,17729.7,267.0,2
311,1241,11620585,2019,22442.1,257.5,0
312,1245,11620595,2019,18786.0,960.25,3
313,1249,11620605,2019,23473.3,200.75,0
314,1253,11620615,2019,18798.2,757.5,3
315,1257,11620625,2019,15119.2,292.0,2
316,1261,11620630,2019,17129.3,54.5,2
317,1265,11620645,2019,17160.0,1061.0,3
318,1269,11620655,2019,18031.3,519.75,2
319,1273,11620665,2019,16280.4,300.75,2
320,1277,11620685,2019,16500.1,656.75,2
321,1281,11620695,2019,16013.1,1991.75,1
322,1285,11620715,2019,26079.2,24.0,0
323,1289,11620725,2019,20309.8,582.0,2
324,1293,11620735,2019,9990.3,107.5,2
325,1297,11620745,2019,16709.6,44.0,2
326,1301,11620765,2019,20005.9,238.5,2
327,1305,11620775,2019,15696.1,308.75,2
328,1309,11650510,2019,19666.6,1311.0,3
329,1313,11650520,2019,17907.2,2623.5,1
330,1317,11650530,2019,22812.4,471.75,0
331,1321,11650540,2019,21890.8,528.75,2
332,1325,11650550,2019,13459.2,36.75,2
333,1329,11650560,2019,19521.5,198.75,2
334,1333,11650581,2019,16546.3,737.0,3
335,1337,11650590,2019,17813.6,730.25,3
336,1341,11650600,2019,15743.6,795.0,3
337,1345,11650610,2019,28009.3,568.0,0
338,1349,11650620,2019,17130.1,35.75,2
339,1353,11650621,2019,16611.6,533.25,2
340,1357,11650651,2019,22609.9,151.25,0
341,1361,11650652,2019,21998.6,185.25,0
342,1365,11650660,2019,40568.3,2.75,0
343,1369,11680510,2019,22311.9,811.5,3
344,1373,11680521,2019,20203.0,2090.75,1
345,1377,11680531,2019,22027.0,923.5,3
346,1381,11680545,2019,37466.1,814.5,0
347,1385,11680565,2019,33782.2,434.0,0
348,1389,11680580,2019,18008.0,360.25,2
349,1393,11680590,2019,20342.9,2564.0,1
350,1397,11680600,2019,12486.9,290.0,2
351,1401,11680610,2019,17563.2,329.75,2
352,1405,11680630,2019,14025.0,1429.5,3
353,1409,11680640,2019,19280.5,1640.75,3
354,1413,11680650,2019,19012.7,214.5,2
355,1417,11680655,2019,12307.6,21.0,2
356,1421,11680656,2019,23512.7,364.75,0
357,1425,11680670,2019,14256.7,109.75,2
358,1429,11680690,2019,18469.0,141.75,2
359,1433,11680700,2019,16877.5,33.75,2
360,1437,11680730,2019,22813.0,452.25,0
361,1441,11680750,2019,13306.9,255.75,2
362,1445,11710510,2019,16832.2,204.0,2
363,1449,11710531,2019,21115.7,255.0,2
364,1453,11710532,2019,18572.4,446.25,2
365,1457,11710540,2019,20667.8,497.5,2
366,1461,11710550,2019,17705.8,282.75,2
367,1465,11710561,2019,19690.8,1148.0,3
368,1469,11710562,2019,29792.6,1641.5,3
369,1473,11710566,2019,18496.8,200.0,2
370,1477,11710570,2019,22253.5,255.75,0
371,1481,11710580,2019,20554.2,895.75,3
372,1485,11710590,2019,14594.5,70.5,2
373,1489,11710600,2019,21178.8,775.0,3
374,1493,11710610,2019,18444.5,599.0,2
375,1497,11710620,2019,21871.9,1137.75,3
376,1501,11710631,2019,50162.3,184.75,0
377,1505,11710632,2019,17044.6,320.25,2
378,1509,11710641,2019,22775.6,776.5,3
379,1513,11710642,2019,15946.9,552.25,2
380,1517,11710646,2019,18816.4,155.0,2
381,1521,11710647,2019,14185.1,1.25,2
382,1525,11710650,2019,19172.4,2107.0,1
383,1529,11710690,2019,13258.3,6.25,2
384,1533,11710710,2019,10197.8,136.75,2
385,1537,11740515,2019,13066.6,42.25,2
386,1541,11740520,2019,31434.3,117.25,0
387,1545,11740530,2019,16596.7,949.75,3
388,1549,11740540,2019,13431.0,353.75,2
389,1553,11740550,2019,22680.0,81.25,0
390,1557,11740560,2019,18085.6,60.0,2
391,1561,11740570,2019,19157.2,386.0,2
392,1565,11740580,2019,17632.1,296.25,2
393,1569,11740600,2019,17746.3,432.0,2
394,1573,11740610,2019,20321.7,1022.25,3
395,1577,11740620,2019,25243.0,273.0,0
396,1581,11740640,2019,19843.1,1080.0,3
397,1585,11740650,2019,25198.1,651.75,0
398,1589,11740660,2019,19192.0,1304.0,3
399,1593,11740685,2019,17781.4,764.0,3
400,1597,11740700,2019,20864.8,206.0,2
0,1,11110515,2020,19340.9,110.0,0
1,5,11110530,2020,22422.6,1949.75,1
2,9,11110540,2020,24101.9,230.75,3
3,13,11110550,2020,27129.8,65.75,3
4,17,11110560,2020,18957.3,17.5,0
5,21,11110570,2020,15351.5,186.0,0
6,25,11110580,2020,22298.0,1532.0,2
7,29,11110600,2020,17539.5,1033.25,2
8,33,11110615,2020,21061.0,2516.25,1
9,37,11110630,2020,18849.4,1573.5,2
10,41,11110640,2020,17835.6,486.75,0
11,45,11110650,2020,17771.0,1529.0,2
12,49,11110670,2020,19000.4,1443.0,2
13,53,11110680,2020,32899.4,873.0,3
14,57,11110690,2020,15791.9,140.0,0
15,61,11110700,2020,18304.4,105.25,0
16,65,11110710,2020,16490.9,685.25,2
17,69,11140520,2020,18633.8,3456.25,1
18,73,11140540,2020,16224.6,1449.5,2
19,77,11140550,2020,17958.8,2662.75,1
20,81,11140570,2020,15304.9,866.25,2
21,85,11140580,2020,22613.0,262.5,3
22,89,11140590,2020,16492.9,2258.5,1
23,93,11140605,2020,22337.4,1873.75,1
24,97,11140615,2020,19270.8,1209.25,2
25,101,11140625,2020,18807.7,1017.75,2
26,105,11140635,2020,22010.1,203.25,3
27,109,11140645,2020,23425.1,232.25,3
28,113,11140650,2020,25523.3,726.75,2
29,117,11140665,2020,16070.5,407.75,0
30,121,11140670,2020,21758.8,986.5,2
31,125,11140680,2020,22427.7,678.5,2
32,129,11170510,2020,22068.0,392.5,3
33,133,11170520,2020,22780.6,136.0,3
34,137,11170530,2020,21289.3,723.25,2
35,141,11170555,2020,11402.8,782.5,2
36,145,11170560,2020,25446.6,359.0,3
37,149,11170570,2020,16502.6,688.0,2
38,153,11170580,2020,12864.6,220.5,0
39,157,11170590,2020,24064.4,1331.5,2
40,161,11170625,2020,21902.7,436.25,3
41,165,11170630,2020,26974.5,81.25,3
42,169,11170640,2020,18433.9,30.25,0
43,173,11170650,2020,25770.2,3556.75,1
44,177,11170660,2020,30901.8,461.25,3
45,181,11170685,2020,34548.7,251.25,3
46,185,11170690,2020,27805.3,27.25,3
47,189,11170700,2020,27712.1,275.5,3
48,193,11200520,2020,17947.3,313.0,0
49,197,11200535,2020,30921.8,578.0,3
50,201,11200540,2020,34038.6,364.0,3
51,205,11200550,2020,13634.2,536.5,0
52,209,11200560,2020,16986.8,1529.5,2
53,213,11200580,2020,11808.9,50.75,0
54,217,11200590,2020,24304.7,153.0,3
55,221,11200615,2020,19467.0,434.5,0
56,225,11200620,2020,22149.8,353.25,3
57,229,11200645,2020,22910.3,66.0,3
58,233,11200650,2020,22836.8,136.0,3
59,237,11200660,2020,17684.2,727.75,2
60,241,11200670,2020,19581.9,571.75,0
61,245,11200690,2020,15359.2,880.0,2
62,249,11200720,2020,18636.5,132.5,0
63,253,11200790,2020,18406.1,144.25,0
64,257,11215710,2020,17216.2,1941.5,1
65,261,11215730,2020,23057.3,1159.0,2
66,265,11215740,2020,23375.1,406.0,3
67,269,11215750,2020,18738.4,416.5,0
68,273,11215760,2020,15188.3,480.75,0
69,277,11215770,2020,23011.3,108.5,3
70,281,11215780,2020,14447.0,337.5,0
71,285,11215810,2020,22903.0,107.75,3
72,289,11215820,2020,16017.5,828.25,2
73,293,11215830,2020,20050.1,208.75,0
74,297,11215840,2020,25673.4,161.25,3
75,301,11215847,2020,33339.1,372.0,3
76,305,11215850,2020,22842.9,1799.5,1
77,309,11215860,2020,25384.0,28.0,3
78,313,11215870,2020,14653.9,650.5,0
79,317,11230536,2020,21089.5,798.25,2
80,321,11230545,2020,20834.1,772.25,2
81,325,11230560,2020,14607.4,565.5,0
82,329,11230570,2020,16547.1,80.0,0
83,333,11230600,2020,16369.6,406.75,0
84,337,11230610,2020,18710.9,359.25,0
85,341,11230650,2020,22691.3,822.5,2
86,345,11230660,2020,19916.3,943.5,2
87,349,11230705,2020,27222.2,81.5,3
88,353,11230710,2020,13631.2,1138.75,2
89,357,11230720,2020,14491.3,597.0,0
90,361,11230730,2020,12712.6,131.25,0
91,365,11230740,2020,10820.1,431.75,0
92,369,11230750,2020,14135.8,22.0,0
93,373,11260520,2020,23392.8,948.75,2
94,377,11260540,2020,20168.3,113.75,0
95,381,11260550,2020,26945.4,214.75,3
96,385,11260565,2020,20505.0,771.5,2
97,389,11260570,2020,19696.0,284.75,0
98,393,11260575,2020,16389.0,525.5,0
99,397,11260580,2020,24293.4,232.25,3
100,401,11260590,2020,21498.6,1337.5,2
101,405,11260600,2020,18423.6,242.75,0
102,409,11260610,2020,21980.3,461.25,3
103,413,11260620,2020,18390.8,160.75,0
104,417,11260630,2020,23162.5,391.0,3
105,421,11260655,2020,24913.6,180.25,3
106,425,11260660,2020,24723.2,86.75,3
107,429,11260680,2020,21174.5,162.75,0
108,433,11260690,2020,9732.5,40.75,0
109,437,11290525,2020,27422.7,64.25,3
110,441,11290555,2020,19542.0,882.5,2
111,445,11290575,2020,14772.0,1588.0,2
112,449,11290600,2020,14700.9,751.25,2
113,453,11290610,2020,11556.3,102.25,0
114,457,11290620,2020,20659.7,343.75,0
115,461,11290630,2020,18211.4,117.5,0
116,465,11290640,2020,20321.4,84.0,0
117,469,11290650,2020,18933.2,50.5,0
118,473,11290660,2020,18071.8,124.0,0
119,477,11290685,2020,14483.5,120.5,0
120,481,11290705,2020,16192.8,329.5,0
121,485,11290715,2020,17696.2,338.0,0
122,489,11290725,2020,12606.3,310.5,0
123,493,11290760,2020,21343.9,209.5,0
124,497,11290770,2020,25309.3,332.5,3
125,502,11290810,2020,23126.2,366.5,3
126,506,11305534,2020,14751.9,141.0,0
127,510,11305535,2020,17695.8,742.75,2
128,514,11305545,2020,23945.8,644.25,3
129,518,11305555,2020,20367.1,472.75,0
130,522,11305575,2020,18728.5,231.5,0
131,526,11305590,2020,25551.3,433.0,3
132,530,11305600,2020,17806.3,36.75,0
133,534,11305606,2020,21586.1,42.25,3
134,538,11305610,2020,19057.6,221.0,0
135,542,11305620,2020,21410.8,419.5,0
136,546,11305630,2020,22943.9,2458.25,1
137,550,11305645,2020,23019.6,37.5,3
138,554,11305660,2020,20875.3,83.75,0
139,558,11320511,2020,14533.3,310.0,0
140,562,11320512,2020,17699.8,173.0,0
141,566,11320513,2020,24684.9,516.75,3
142,570,11320514,2020,17318.1,585.5,0
143,574,11320515,2020,18660.9,325.25,0
144,578,11320521,2020,24301.0,78.75,3
145,582,11320522,2020,23843.1,182.5,3
146,586,11320660,2020,12405.5,173.5,0
147,590,11320670,2020,18511.7,480.25,0
148,594,11320680,2020,18846.8,664.5,2
149,598,11320681,2020,20660.3,17.0,0
150,602,11320690,2020,22924.3,1220.0,2
151,606,11320700,2020,16477.3,426.0,0
152,610,11320710,2020,17189.8,24.5,0
153,614,11350560,2020,14023.5,498.25,0
154,618,11350570,2020,5528.3,7.75,0
155,622,11350595,2020,20543.2,596.75,2
156,626,11350600,2020,15522.4,59.0,0
157,630,11350611,2020,25023.1,67.5,3
158,634,11350619,2020,11051.2,232.75,0
159,638,11350624,2020,19126.5,286.5,0
160,642,11350625,2020,12750.7,235.0,0
161,646,11350630,2020,23213.4,114.25,3
162,650,11350640,2020,15263.4,2728.0,1
163,654,11350665,2020,12421.7,23.25,0
164,658,11350670,2020,18969.4,243.0,0
165,662,11350695,2020,9682.4,106.25,0
166,666,11350710,2020,10632.1,200.25,0
167,670,11350720,2020,20835.1,23.0,0
168,674,11380510,2020,29535.1,190.25,3
169,678,11380520,2020,23669.9,84.25,3
170,682,11380530,2020,15893.3,476.75,0
171,686,11380551,2020,21017.7,1013.25,2
172,690,11380552,2020,15136.1,489.25,0
173,694,11380560,2020,14403.8,211.5,0
174,698,11380570,2020,15007.8,952.0,2
175,702,11380580,2020,19912.4,353.25,0
176,706,11380590,2020,24584.9,45.25,3
177,710,11380600,2020,22960.7,947.5,2
178,714,11380625,2020,21192.7,340.5,0
179,718,11380631,2020,14590.7,294.5,0
180,722,11380632,2020,14949.2,123.25,0
181,726,11380640,2020,20746.3,339.25,0
182,730,11380650,2020,32699.4,23.75,3
183,734,11380690,2020,9281.4,7.0,0
184,738,11410520,2020,19332.2,151.75,0
185,742,11410555,2020,26458.8,223.5,3
186,746,11410565,2020,20365.2,399.75,0
187,750,11410585,2020,14650.5,1093.0,2
188,754,11410615,2020,20247.5,248.0,0
189,758,11410620,2020,16820.2,363.5,0
190,762,11410640,2020,21011.2,463.0,0
191,766,11410660,2020,17645.2,96.75,0
192,770,11410685,2020,13012.6,187.5,0
193,774,11410690,2020,20949.4,268.25,0
194,778,11410700,2020,17260.9,489.75,0
195,782,11410710,2020,37829.1,51.0,3
196,786,11410720,2020,21173.2,383.25,0
197,790,11440555,2020,26999.3,506.75,3
198,794,11440565,2020,19226.4,806.75,2
199,798,11440585,2020,27202.6,1126.5,2
200,802,11440590,2020,31216.5,641.0,3
201,806,11440600,2020,14877.4,229.0,0
202,810,11440610,2020,14142.8,575.25,0
203,814,11440630,2020,12468.4,335.5,0
204,818,11440655,2020,19760.3,499.75,0
205,822,11440660,2020,19060.8,3967.75,1
206,826,11440680,2020,16433.7,585.0,0
207,830,11440690,2020,16089.8,550.25,0
208,834,11440700,2020,18430.6,650.5,2
209,838,11440710,2020,21701.6,305.75,3
210,842,11440720,2020,27563.3,366.5,3
211,846,11440730,2020,15719.3,161.25,0
212,850,11440740,2020,16352.5,184.0,0
213,854,11470510,2020,25531.9,344.25,3
214,858,11470520,2020,23540.4,243.5,3
215,862,11470530,2020,16696.6,1123.75,2
216,866,11470540,2020,15873.1,529.0,0
217,870,11470550,2020,13779.5,417.25,0
218,874,11470560,2020,20776.9,844.25,2
219,878,11470570,2020,16325.7,272.25,0
220,882,11470580,2020,13933.1,263.0,0
221,886,11470590,2020,15362.9,538.0,0
222,890,11470600,2020,22612.7,267.25,3
223,894,11470610,2020,18206.9,203.25,0
224,898,11470611,2020,17500.4,240.25,0
225,902,11470620,2020,18334.4,658.75,2
226,906,11470630,2020,18246.4,464.75,0
227,910,11470640,2020,15329.6,28.5,0
228,914,11470650,2020,18806.6,966.0,2
229,918,11470680,2020,22940.7,10.5,3
230,922,11500510,2020,22225.6,28.5,3
231,926,11500520,2020,18406.3,339.25,0
232,930,11500530,2020,17627.6,36.0,0
233,934,11500535,2020,18731.9,675.75,2
234,938,11500540,2020,17381.3,1309.0,2
235,942,11500550,2020,13779.6,379.5,0
236,946,11500560,2020,22886.7,391.75,3
237,950,11500570,2020,21293.1,720.0,2
238,954,11500590,2020,16928.0,364.5,0
239,958,11500591,2020,23635.1,739.75,2
240,962,11500593,2020,10551.5,544.25,0
241,966,11500603,2020,23969.1,263.0,3
242,970,11500605,2020,12388.4,65.5,0
243,974,11500611,2020,13270.6,106.5,0
244,978,11500615,2020,24253.5,174.5,3
245,982,11500620,2020,22715.4,58.25,3
246,986,11500630,2020,21257.0,310.25,0
247,990,11500640,2020,21415.9,46.0,0
248,994,11500641,2020,12774.3,55.0,0
249,998,11530510,2020,30063.1,65.5,3
250,1002,11530530,2020,18658.5,660.75,2
251,1006,11530540,2020,15851.1,1685.0,2
252,1010,11530550,2020,20877.6,1360.5,2
253,1014,11530560,2020,10821.6,1108.0,2
254,1018,11530595,2020,31249.2,1264.25,2
255,1022,11530720,2020,16179.9,337.0,0
256,1026,11530730,2020,20426.2,514.25,0
257,1030,11530740,2020,20015.1,217.5,0
258,1034,11530750,2020,13640.9,156.25,0
259,1038,11530760,2020,21794.1,519.0,3
260,1042,11530770,2020,16311.3,601.0,0
261,1046,11530780,2020,19355.8,90.0,0
262,1050,11530790,2020,21538.0,95.0,3
263,1054,11545510,2020,13105.8,1037.0,2
264,1058,11545610,2020,18986.3,429.0,0
265,1062,11545620,2020,22162.5,427.0,3
266,1066,11545630,2020,24156.7,678.5,2
267,1070,11545640,2020,29727.3,780.25,3
268,1074,11545670,2020,20155.0,651.5,2
269,1078,11545680,2020,17660.9,46.0,0
270,1082,11545690,2020,19589.7,172.75,0
271,1086,11545700,2020,21645.7,236.75,3
272,1090,11545710,2020,16888.1,200.25,0
273,1094,11560515,2020,11152.8,134.75,0
274,1098,11560535,2020,23404.4,1395.5,2
275,1102,11560540,2020,22962.3,390.25,3
276,1106,11560550,2020,17712.1,1415.75,2
277,1110,11560560,2020,16361.0,508.75,0
278,1114,11560585,2020,13506.7,305.0,0
279,1118,11560605,2020,19699.7,472.5,0
280,1122,11560610,2020,18011.9,285.0,0
281,1126,11560620,2020,18458.4,194.0,0
282,1130,11560630,2020,14995.1,526.5,0
283,1134,11560650,2020,26348.3,159.0,3
284,1138,11560660,2020,27222.0,165.0,3
285,1142,11560670,2020,14406.8,295.5,0
286,1146,11560680,2020,26103.6,373.75,3
287,1150,11560690,2020,23478.6,245.5,3
288,1154,11560700,2020,16244.6,406.25,0
289,1158,11560710,2020,46669.6,916.5,3
290,1162,11560720,2020,28380.9,928.75,2
291,1166,11590510,2020,10852.5,772.5,2
292,1170,11590520,2020,15155.1,341.0,0
293,1174,11590530,2020,14025.0,512.25,0
294,1178,11590540,2020,18587.7,376.0,0
295,1182,11590550,2020,12583.0,314.25,0
296,1186,11590560,2020,26887.3,248.0,3
297,1190,11590605,2020,13235.2,252.25,0
298,1194,11590620,2020,25202.4,807.25,2
299,1198,11590630,2020,17192.9,420.5,0
300,1202,11590640,2020,23769.5,75.75,3
301,1206,11590650,2020,11318.9,719.75,2
302,1210,11590651,2020,15370.8,54.25,0
303,1214,11590660,2020,18998.8,392.25,0
304,1218,11590670,2020,19653.5,378.25,0
305,1222,11590680,2020,15190.0,583.25,0
306,1226,11620525,2020,16955.1,362.75,0
307,1230,11620545,2020,34786.9,8.5,3
308,1234,11620565,2020,19190.1,40.0,0
309,1238,11620575,2020,17511.0,257.5,0
310,1242,11620585,2020,21753.8,244.0,3
311,1246,11620595,2020,18367.4,1027.75,2
312,1250,11620605,2020,25025.4,193.25,3
313,1254,11620615,2020,14901.9,758.75,2
314,1258,11620625,2020,14452.8,291.0,0
315,1262,11620630,2020,14716.7,53.0,0
316,1266,11620645,2020,13542.5,1022.0,2
317,1270,11620655,2020,17237.3,557.25,0
318,1274,11620665,2020,17210.4,309.0,0
319,1278,11620685,2020,16704.3,664.0,2
320,1282,11620695,2020,17051.5,2000.25,1
321,1286,11620715,2020,32726.9,19.0,3
322,1290,11620725,2020,19014.0,571.75,0
323,1294,11620735,2020,9844.1,106.75,0
324,1298,11620745,2020,17309.8,48.25,0
325,1302,11620765,2020,19629.5,239.0,0
326,1306,11620775,2020,13964.9,285.5,0
327,1310,11650510,2020,20012.2,1312.0,2
328,1314,11650520,2020,16973.7,2671.75,1
329,1318,11650530,2020,22073.8,455.25,3
330,1322,11650540,2020,23136.9,550.5,3
331,1326,11650550,2020,20419.8,47.5,0
332,1330,11650560,2020,16696.9,186.25,0
333,1334,11650581,2020,17495.3,749.5,2
334,1338,11650590,2020,17085.0,731.5,2
335,1342,11650600,2020,16048.2,834.25,2
336,1346,11650610,2020,23801.1,564.75,3
337,1350,11650620,2020,16751.1,35.0,0
338,1354,11650621,2020,16043.3,512.0,0
339,1358,11650651,2020,21068.4,149.75,0
340,1362,11650652,2020,21135.4,188.5,0
341,1366,11650660,2020,37415.3,3.0,3
342,1370,11680510,2020,22428.6,837.75,2
343,1374,11680521,2020,20114.7,2185.5,1
344,1378,11680531,2020,21363.4,964.5,2
345,1382,11680545,2020,39997.4,855.75,3
346,1386,11680565,2020,32251.6,390.5,3
347,1390,11680580,2020,19678.1,348.75,0
348,1394,11680590,2020,19125.7,2684.5,1
349,1398,11680600,2020,12547.4,250.25,0
350,1402,11680610,2020,17743.5,340.5,0
351,1406,11680630,2020,14112.4,1416.25,2
352,1410,11680640,2020,17638.2,1740.5,1
353,1414,11680650,2020,16974.5,219.75,0
354,1418,11680655,2020,15138.3,21.0,0
355,1422,11680656,2020,22869.1,385.0,3
356,1426,11680670,2020,13627.8,111.75,0
357,1430,11680690,2020,20231.6,157.5,0
358,1434,11680700,2020,16611.8,35.5,0
359,1438,11680730,2020,21174.4,441.0,0
360,1442,11680750,2020,12690.2,258.75,0
361,1446,11710510,2020,15522.1,196.75,0
362,1450,11710531,2020,18178.4,256.5,0
363,1454,11710532,2020,16659.8,420.25,0
364,1458,11710540,2020,21718.2,454.25,3
365,1462,11710550,2020,18750.8,277.0,0
366,1466,11710561,2020,17115.6,1192.5,2
367,1470,11710562,2020,28051.9,1758.5,1
368,1474,11710566,2020,19842.4,224.0,0
369,1478,11710570,2020,22996.1,251.5,3
370,1482,11710580,2020,21354.2,880.5,2
371,1486,11710590,2020,15265.1,66.0,0
372,1490,11710600,2020,19665.5,774.0,2
373,1494,11710610,2020,18802.7,626.75,2
374,1498,11710620,2020,19765.1,1131.75,2
375,1502,11710631,2020,45862.3,157.5,3
376,1506,11710632,2020,17013.8,305.25,0
377,1510,11710641,2020,22422.1,784.25,2
378,1514,11710642,2020,15475.3,665.25,2
379,1518,11710646,2020,16942.0,171.75,0
380,1522,11710647,2020,13589.1,2.25,0
381,1526,11710650,2020,18103.9,2112.25,1
382,1530,11710690,2020,18205.2,10.75,0
383,1534,11710710,2020,11078.7,166.5,0
384,1538,11740515,2020,12600.3,42.5,0
385,1542,11740520,2020,31250.2,122.0,3
386,1546,11740530,2020,17622.7,965.25,2
387,1550,11740540,2020,13468.3,382.75,0
388,1554,11740550,2020,23195.5,81.75,3
389,1558,11740560,2020,18068.3,65.75,0
390,1562,11740570,2020,18158.4,441.75,0
391,1566,11740580,2020,20477.7,298.0,0
392,1570,11740600,2020,17373.4,444.0,0
393,1574,11740610,2020,19978.8,977.75,2
394,1578,11740620,2020,27166.6,263.75,3
395,1582,11740640,2020,18942.2,1072.75,2
396,1586,11740650,2020,26653.0,656.75,3
397,1590,11740660,2020,17497.9,1399.0,2
398,1594,11740685,2020,17268.5,796.5,2
399,1598,11740700,2020,19199.5,203.5,0
0,2,11110515,2021,19331.0,111.0,3
1,6,11110530,2021,22143.4,1849.25,1
2,10,11110540,2021,25006.9,200.5,0
3,14,11110550,2021,26946.2,62.25,0
4,18,11110560,2021,20111.7,17.25,3
5,22,11110570,2021,16124.6,196.25,3
6,26,11110580,2021,22039.8,1540.0,1
7,30,11110600,2021,18541.0,1021.5,1
8,34,11110615,2021,20974.5,2389.75,1
9,38,11110630,2021,19038.5,1526.5,1
10,42,11110640,2021,15793.3,453.5,3
11,46,11110650,2021,17810.9,1432.5,1
12,50,11110670,2021,17818.0,1326.75,1
13,54,11110680,2021,31681.0,832.0,1
14,58,11110690,2021,16630.0,141.0,3
15,62,11110700,2021,17435.5,94.5,3
16,66,11110710,2021,15393.6,661.5,3
17,70,11140520,2021,18679.6,3342.0,1
18,74,11140540,2021,16014.3,1380.25,1
19,78,11140550,2021,18254.9,2436.25,1
20,82,11140570,2021,16368.3,803.75,1
21,86,11140580,2021,24027.7,243.75,0
22,90,11140590,2021,15844.2,2026.5,1
23,94,11140605,2021,22628.1,1876.0,1
24,98,11140615,2021,18812.1,1201.75,1
25,102,11140625,2021,19449.6,954.5,1
26,106,11140635,2021,21696.8,200.5,0
27,110,11140645,2021,19471.5,212.0,3
28,114,11140650,2021,24286.4,719.25,1
29,118,11140665,2021,15823.2,376.0,3
30,122,11140670,2021,20681.7,963.0,1
31,126,11140680,2021,22672.1,619.5,0
32,130,11170510,2021,21244.9,371.0,0
33,134,11170520,2021,22808.1,132.0,0
34,138,11170530,2021,23617.7,683.5,1
35,142,11170555,2021,12195.9,747.25,1
36,146,11170560,2021,24470.2,351.25,0
37,150,11170570,2021,15500.5,620.25,3
38,154,11170580,2021,13886.2,197.75,3
39,158,11170590,2021,23459.8,1291.0,1
40,162,11170625,2021,23385.5,402.75,0
41,166,11170630,2021,26305.1,76.75,0
42,170,11170640,2021,17749.7,30.0,3
43,174,11170650,2021,25606.4,3132.5,1
44,178,11170660,2021,33077.5,444.0,2
45,182,11170685,2021,36522.0,237.5,2
46,186,11170690,2021,25566.1,29.25,0
47,190,11170700,2021,29832.1,265.5,0
48,194,11200520,2021,20208.7,316.25,0
49,198,11200535,2021,29251.3,577.5,0
50,202,11200540,2021,34503.5,350.5,2
51,206,11200550,2021,13295.9,512.0,3
52,210,11200560,2021,17043.2,1432.0,1
53,214,11200580,2021,11607.8,47.25,3
54,218,11200590,2021,22548.8,147.25,0
55,222,11200615,2021,18759.1,460.5,3
56,226,11200620,2021,22124.3,342.25,0
57,230,11200645,2021,24153.6,67.25,0
58,234,11200650,2021,18637.2,125.75,3
59,238,11200660,2021,17660.6,730.0,1
60,242,11200670,2021,19815.9,567.25,3
61,246,11200690,2021,16180.1,836.0,1
62,250,11200720,2021,18786.0,145.5,3
63,254,11200790,2021,17369.0,143.5,3
64,258,11215710,2021,17250.5,1879.5,1
65,262,11215730,2021,22710.0,1108.0,1
66,266,11215740,2021,21593.9,425.5,0
67,270,11215750,2021,19176.6,415.0,3
68,274,11215760,2021,14309.7,472.0,3
69,278,11215770,2021,22142.9,110.25,0
70,282,11215780,2021,13635.8,338.25,3
71,286,11215810,2021,22420.4,107.0,0
72,290,11215820,2021,15705.6,783.0,1
73,294,11215830,2021,19554.2,205.0,3
74,298,11215840,2021,24288.7,164.5,0
75,302,11215847,2021,30288.9,367.0,0
76,306,11215850,2021,20922.6,1757.75,1
77,310,11215860,2021,31221.5,27.5,2
78,314,11215870,2021,15103.3,600.5,3
79,318,11230536,2021,19586.7,764.0,1
80,322,11230545,2021,20955.2,748.5,1
81,326,11230560,2021,13349.9,539.25,3
82,330,11230570,2021,16216.3,86.0,3
83,334,11230600,2021,15930.5,388.5,3
84,338,11230610,2021,18333.2,346.75,3
85,342,11230650,2021,22693.3,816.0,1
86,346,11230660,2021,18358.5,885.75,1
87,350,11230705,2021,24833.7,76.75,0
88,354,11230710,2021,13612.4,1098.0,1
89,358,11230720,2021,14057.4,535.75,3
90,362,11230730,2021,13999.8,121.25,3
91,366,11230740,2021,11099.9,416.5,3
92,370,11230750,2021,14426.1,18.25,3
93,374,11260520,2021,22132.0,920.25,1
94,378,11260540,2021,19829.3,110.5,3
95,382,11260550,2021,23983.8,197.25,0
96,386,11260565,2021,20135.8,745.75,1
97,390,11260570,2021,17881.9,274.0,3
98,394,11260575,2021,16032.5,526.0,3
99,398,11260580,2021,24199.5,221.25,0
100,402,11260590,2021,22344.0,1269.75,1
101,406,11260600,2021,16100.4,219.5,3
102,410,11260610,2021,21391.2,470.75,0
103,414,11260620,2021,17194.1,163.0,3
104,418,11260630,2021,22630.1,373.5,0
105,422,11260655,2021,23495.1,178.75,0
106,426,11260660,2021,22565.2,91.5,0
107,430,11260680,2021,19957.8,155.25,3
108,434,11260690,2021,9729.4,39.75,3
109,438,11290525,2021,27180.5,61.25,0
110,442,11290555,2021,19357.8,866.0,1
111,446,11290575,2021,14535.3,1539.0,1
112,450,11290600,2021,15167.5,711.5,1
113,454,11290610,2021,12323.7,102.5,3
114,458,11290620,2021,18259.3,327.0,3
115,462,11290630,2021,17994.7,114.25,3
116,466,11290640,2021,20137.9,81.5,3
117,470,11290650,2021,18661.5,46.5,3
118,474,11290660,2021,16807.5,121.75,3
119,478,11290685,2021,14304.3,130.75,3
120,482,11290705,2021,16056.8,317.75,3
121,486,11290715,2021,17480.9,341.25,3
122,490,11290725,2021,12354.4,311.75,3
123,494,11290760,2021,19355.9,210.25,3
124,498,11290770,2021,25331.4,309.25,0
125,503,11290810,2021,23279.8,353.5,0
126,507,11305534,2021,15314.6,136.25,3
127,511,11305535,2021,16418.1,725.75,1
128,515,11305545,2021,22133.5,595.75,0
129,519,11305555,2021,19998.2,454.25,3
130,523,11305575,2021,21256.2,233.0,0
131,527,11305590,2021,24755.1,419.25,0
132,531,11305600,2021,18595.6,34.75,3
133,535,11305606,2021,14548.0,40.0,3
134,539,11305610,2021,18573.5,220.5,3
135,543,11305620,2021,19522.9,392.5,3
136,547,11305630,2021,22169.1,2348.0,1
137,551,11305645,2021,23591.6,35.75,0
138,555,11305660,2021,20199.5,79.0,3
139,559,11320511,2021,14098.6,299.0,3
140,563,11320512,2021,16869.1,160.5,3
141,567,11320513,2021,22749.4,498.75,0
142,571,11320514,2021,16327.8,561.5,3
143,575,11320515,2021,17898.1,319.75,3
144,579,11320521,2021,23214.3,75.5,0
145,583,11320522,2021,20120.4,175.25,3
146,587,11320660,2021,12417.9,174.0,3
147,591,11320670,2021,19405.6,503.0,3
148,595,11320680,2021,17628.8,659.5,1
149,599,11320681,2021,21927.9,17.0,0
150,603,11320690,2021,22372.9,1219.75,1
151,607,11320700,2021,15068.4,422.5,3
152,611,11320710,2021,16382.2,23.0,3
153,615,11350560,2021,13056.5,452.5,3
154,619,11350570,2021,6242.1,8.0,3
155,623,11350595,2021,19913.2,569.0,3
156,627,11350600,2021,15743.1,57.5,3
157,631,11350611,2021,23046.5,62.0,0
158,635,11350619,2021,11154.7,223.75,3
159,639,11350624,2021,17051.4,286.5,3
160,643,11350625,2021,11330.5,233.25,3
161,647,11350630,2021,22196.1,112.25,0
162,651,11350640,2021,16973.8,2670.0,1
163,655,11350665,2021,13598.4,21.5,3
164,659,11350670,2021,19450.4,239.0,3
165,663,11350695,2021,9353.3,111.75,3
166,667,11350710,2021,10320.4,192.25,3
167,671,11350720,2021,19308.1,22.0,3
168,675,11380510,2021,29440.6,183.0,0
169,679,11380520,2021,23300.1,81.75,0
170,683,11380530,2021,15159.4,471.75,3
171,687,11380551,2021,20314.0,990.5,1
172,691,11380552,2021,14358.5,477.0,3
173,695,11380560,2021,13883.7,212.25,3
174,699,11380570,2021,14831.1,944.0,1
175,703,11380580,2021,19159.9,347.75,3
176,707,11380590,2021,16276.5,48.75,3
177,711,11380600,2021,21194.9,911.5,1
178,715,11380625,2021,18561.3,335.0,3
179,719,11380631,2021,14749.2,267.0,3
180,723,11380632,2021,14909.1,116.75,3
181,727,11380640,2021,20859.1,336.75,0
182,731,11380650,2021,34749.2,23.5,2
183,735,11380690,2021,10697.2,8.5,3
184,739,11410520,2021,18515.5,156.75,3
185,743,11410555,2021,28606.3,216.5,0
186,747,11410565,2021,19686.5,404.0,3
187,751,11410585,2021,15219.7,997.5,1
188,755,11410615,2021,19222.0,239.75,3
189,759,11410620,2021,16129.0,337.5,3
190,763,11410640,2021,18927.5,475.5,3
191,767,11410660,2021,15275.4,100.5,3
192,771,11410685,2021,12534.1,177.5,3
193,775,11410690,2021,21485.3,259.0,0
194,779,11410700,2021,16005.4,441.25,3
195,783,11410710,2021,37719.5,56.25,2
196,787,11410720,2021,21188.8,357.0,0
197,791,11440555,2021,26309.4,511.0,0
198,795,11440565,2021,18807.0,764.5,1
199,799,11440585,2021,27217.4,1078.75,1
200,803,11440590,2021,30892.4,618.5,2
201,807,11440600,2021,16312.9,240.25,3
202,811,11440610,2021,13663.4,547.0,3
203,815,11440630,2021,10375.2,307.5,3
204,819,11440655,2021,18336.6,476.5,3
205,823,11440660,2021,18985.3,3763.75,1
206,827,11440680,2021,16789.8,579.25,3
207,831,11440690,2021,15324.1,543.0,3
208,835,11440700,2021,16953.1,650.75,3
209,839,11440710,2021,19957.9,307.0,3
210,843,11440720,2021,26802.8,366.25,0
211,847,11440730,2021,14518.4,152.0,3
212,851,11440740,2021,15160.5,181.25,3
213,855,11470510,2021,24811.4,348.25,0
214,859,11470520,2021,23856.6,243.75,0
215,863,11470530,2021,15933.2,1108.25,1
216,867,11470540,2021,15661.4,526.25,3
217,871,11470550,2021,13664.5,384.25,3
218,875,11470560,2021,20473.1,825.5,1
219,879,11470570,2021,15103.2,256.25,3
220,883,11470580,2021,14017.7,264.25,3
221,887,11470590,2021,15225.1,524.75,3
222,891,11470600,2021,24051.6,263.5,0
223,895,11470610,2021,17736.3,228.75,3
224,899,11470611,2021,17589.6,241.75,3
225,903,11470620,2021,18643.7,638.0,1
226,907,11470630,2021,17755.6,462.5,3
227,911,11470640,2021,14510.2,26.75,3
228,915,11470650,2021,18177.9,930.25,1
229,919,11470680,2021,17467.0,10.0,3
230,923,11500510,2021,20102.8,24.25,3
231,927,11500520,2021,17540.3,350.75,3
232,931,11500530,2021,17667.7,38.25,3
233,935,11500535,2021,17416.2,652.75,1
234,939,11500540,2021,16957.1,1296.5,1
235,943,11500550,2021,14632.4,348.5,3
236,947,11500560,2021,23077.6,383.75,0
237,951,11500570,2021,20585.8,755.25,1
238,955,11500590,2021,16337.0,348.25,3
239,959,11500591,2021,21339.5,702.25,1
240,963,11500593,2021,9506.5,517.5,3
241,967,11500603,2021,23504.6,274.5,0
242,971,11500605,2021,12188.4,61.0,3
243,975,11500611,2021,13071.9,107.0,3
244,979,11500615,2021,20959.8,171.5,0
245,983,11500620,2021,21700.7,54.75,0
246,987,11500630,2021,20425.4,296.5,0
247,991,11500640,2021,21997.6,43.0,0
248,995,11500641,2021,12442.9,53.75,3
249,999,11530510,2021,34540.0,62.75,2
250,1003,11530530,2021,14960.5,657.0,3
251,1007,11530540,2021,15279.4,1686.5,1
252,1011,11530550,2021,19497.0,1368.0,1
253,1015,11530560,2021,11391.8,1093.25,1
254,1019,11530595,2021,29796.8,1198.5,1
255,1023,11530720,2021,15670.3,331.5,3
256,1027,11530730,2021,20313.1,524.75,0
257,1031,11530740,2021,18513.3,205.75,3
258,1035,11530750,2021,15233.3,157.25,3
259,1039,11530760,2021,19539.5,483.75,3
260,1043,11530770,2021,14212.2,564.25,3
261,1047,11530780,2021,18958.5,87.75,3
262,1051,11530790,2021,18825.8,94.75,3
263,1055,11545510,2021,12996.1,1042.75,1
264,1059,11545610,2021,17803.5,417.25,3
265,1063,11545620,2021,18812.1,422.25,3
266,1067,11545630,2021,22738.9,722.5,1
267,1071,11545640,2021,29042.6,747.0,1
268,1075,11545670,2021,18929.0,638.25,1
269,1079,11545680,2021,17192.1,47.0,3
270,1083,11545690,2021,20143.1,172.75,3
271,1087,11545700,2021,19612.3,232.5,3
272,1091,11545710,2021,17057.0,196.75,3
273,1095,11560515,2021,12093.0,126.75,3
274,1099,11560535,2021,23587.7,1320.25,1
275,1103,11560540,2021,24530.2,390.0,0
276,1107,11560550,2021,17749.5,1370.0,1
277,1111,11560560,2021,15758.8,503.0,3
278,1115,11560585,2021,13401.5,309.75,3
279,1119,11560605,2021,20412.1,499.0,0
280,1123,11560610,2021,15631.8,272.25,3
281,1127,11560620,2021,17963.0,187.75,3
282,1131,11560630,2021,18043.6,514.0,3
283,1135,11560650,2021,25209.3,158.0,0
284,1139,11560660,2021,24362.3,167.0,0
285,1143,11560670,2021,14291.9,274.5,3
286,1147,11560680,2021,23119.4,353.75,0
287,1151,11560690,2021,25598.3,235.75,0
288,1155,11560700,2021,16153.2,388.5,3
289,1159,11560710,2021,35529.7,928.25,2
290,1163,11560720,2021,26986.2,923.75,1
291,1167,11590510,2021,11332.3,727.25,3
292,1171,11590520,2021,15009.7,323.5,3
293,1175,11590530,2021,13957.6,478.25,3
294,1179,11590540,2021,17705.0,359.25,3
295,1183,11590550,2021,12068.8,314.0,3
296,1187,11590560,2021,25267.7,234.75,0
297,1191,11590605,2021,13781.1,235.75,3
298,1195,11590620,2021,26243.0,781.0,1
299,1199,11590630,2021,16938.3,400.25,3
300,1203,11590640,2021,26637.3,71.75,0
301,1207,11590650,2021,11081.1,703.75,3
302,1211,11590651,2021,14549.8,50.75,3
303,1215,11590660,2021,18789.8,373.25,3
304,1219,11590670,2021,19921.7,370.0,3
305,1223,11590680,2021,15668.4,600.5,3
306,1227,11620525,2021,15515.7,355.25,3
307,1231,11620545,2021,41478.4,10.0,2
308,1235,11620565,2021,17616.7,41.5,3
309,1239,11620575,2021,18494.3,270.5,3
310,1243,11620585,2021,22419.6,233.75,0
311,1247,11620595,2021,16717.3,1010.5,1
312,1251,11620605,2021,24591.1,195.75,0
313,1255,11620615,2021,14859.6,696.0,1
314,1259,11620625,2021,14178.3,268.5,3
315,1263,11620630,2021,14387.6,48.75,3
316,1267,11620645,2021,12379.3,958.25,1
317,1271,11620655,2021,16298.0,552.25,3
318,1275,11620665,2021,16177.1,285.0,3
319,1279,11620685,2021,16775.1,642.5,3
320,1283,11620695,2021,16455.1,1965.5,1
321,1287,11620715,2021,32519.6,18.0,2
322,1291,11620725,2021,19195.7,539.75,3
323,1295,11620735,2021,9493.4,104.5,3
324,1299,11620745,2021,16847.3,42.75,3
325,1303,11620765,2021,18048.6,226.75,3
326,1307,11620775,2021,12645.7,271.75,3
327,1311,11650510,2021,20402.5,1297.5,1
328,1315,11650520,2021,18149.1,2450.75,1
329,1319,11650530,2021,22083.0,431.25,0
330,1323,11650540,2021,24448.4,516.5,0
331,1327,11650550,2021,18501.3,38.5,3
332,1331,11650560,2021,14921.2,193.25,3
333,1335,11650581,2021,18166.5,714.75,1
334,1339,11650590,2021,15661.6,685.0,1
335,1343,11650600,2021,15710.7,786.25,1
336,1347,11650610,2021,23448.1,546.75,0
337,1351,11650620,2021,17316.7,32.25,3
338,1355,11650621,2021,15887.4,510.75,3
339,1359,11650651,2021,21476.2,144.5,0
340,1363,11650652,2021,21098.4,179.75,0
341,1367,11650660,2021,35075.5,3.75,2
342,1371,11680510,2021,22459.2,821.0,1
343,1375,11680521,2021,21240.4,2066.25,1
344,1379,11680531,2021,20540.5,943.5,1
345,1383,11680545,2021,41008.8,829.25,2
346,1387,11680565,2021,32181.3,364.75,2
347,1391,11680580,2021,21989.7,331.5,0
348,1395,11680590,2021,20313.4,2606.75,1
349,1399,11680600,2021,12242.4,225.0,3
350,1403,11680610,2021,18955.3,328.75,3
351,1407,11680630,2021,14236.8,1343.25,1
352,1411,11680640,2021,17208.7,1709.25,1
353,1415,11680650,2021,16580.3,196.25,3
354,1419,11680655,2021,15054.1,18.5,3
355,1423,11680656,2021,23102.1,388.25,0
356,1427,11680670,2021,13291.1,118.75,3
357,1431,11680690,2021,19935.6,153.5,3
358,1435,11680700,2021,17088.7,33.75,3
359,1439,11680730,2021,20466.0,431.25,0
360,1443,11680750,2021,12429.9,264.0,3
361,1447,11710510,2021,16771.6,186.0,3
362,1451,11710531,2021,17508.8,254.5,3
363,1455,11710532,2021,16294.6,401.75,3
364,1459,11710540,2021,19890.4,445.75,3
365,1463,11710550,2021,19212.9,284.0,3
366,1467,11710561,2021,19064.9,1143.0,1
367,1471,11710562,2021,28650.5,1655.0,1
368,1475,11710566,2021,23478.9,226.0,0
369,1479,11710570,2021,23018.5,248.0,0
370,1483,11710580,2021,23995.9,878.0,1
371,1487,11710590,2021,14860.8,67.5,3
372,1491,11710600,2021,19146.1,776.5,1
373,1495,11710610,2021,16959.8,620.5,3
374,1499,11710620,2021,19056.8,1075.5,1
375,1503,11710631,2021,42440.9,148.5,2
376,1507,11710632,2021,17246.8,293.0,3
377,1511,11710641,2021,22308.8,741.75,1
378,1515,11710642,2021,15602.2,694.75,1
379,1519,11710646,2021,16990.9,168.25,3
380,1523,11710647,2021,14358.2,2.75,3
381,1527,11710650,2021,17044.6,2007.75,1
382,1531,11710690,2021,15722.1,12.0,3
383,1535,11710710,2021,12408.6,153.0,3
384,1539,11740515,2021,11210.7,40.5,3
385,1543,11740520,2021,28598.9,124.0,0
386,1547,11740530,2021,18510.7,948.5,1
387,1551,11740540,2021,12469.6,399.5,3
388,1555,11740550,2021,24363.4,74.5,0
389,1559,11740560,2021,17210.7,78.25,3
390,1563,11740570,2021,17692.2,444.0,3
391,1567,11740580,2021,19772.4,281.25,3
392,1571,11740600,2021,15764.7,449.25,3
393,1575,11740610,2021,20007.8,920.25,1
394,1579,11740620,2021,24724.7,259.75,0
395,1583,11740640,2021,18917.6,1007.75,1
396,1587,11740650,2021,24621.3,642.75,0
397,1591,11740660,2021,17999.5,1355.25,1
398,1595,11740685,2021,16155.0,761.5,1
399,1599,11740700,2021,19417.4,183.25,3
0,3,11110515,2022,19120.3,61.0,3
1,7,11110530,2022,23767.5,943.6666666666666,1
2,11,11110540,2022,25215.5,118.0,0
3,15,11110550,2022,28575.2,32.666666666666664,0
4,19,11110560,2022,23665.7,8.0,0
5,23,11110570,2022,19181.1,67.0,3
6,27,11110580,2022,24709.5,743.0,1
7,31,11110600,2022,19965.4,549.6666666666666,3
8,35,11110615,2022,23355.0,1458.6666666666667,1
9,39,11110630,2022,20133.7,708.6666666666666,1
10,43,11110640,2022,17555.3,242.0,3
11,47,11110650,2022,19803.2,760.6666666666666,1
12,51,11110670,2022,19423.4,638.3333333333334,1
13,55,11110680,2022,34426.2,419.0,2
14,59,11110690,2022,16665.2,48.0,3
15,63,11110700,2022,20378.8,30.0,3
16,67,11110710,2022,17379.8,288.0,3
17,71,11140520,2022,20600.4,2534.333333333333,1
18,75,11140540,2022,17865.8,720.0,1
19,79,11140550,2022,19081.2,1560.3333333333333,1
20,83,11140570,2022,19328.4,420.3333333333333,3
21,87,11140580,2022,25707.1,112.33333333333331,0
22,91,11140590,2022,17508.5,1616.3333333333333,1
23,95,11140605,2022,25809.5,1004.3333333333334,1
24,99,11140615,2022,18786.3,668.3333333333334,1
25,103,11140625,2022,21773.4,511.0,0
26,107,11140635,2022,23375.4,102.0,0
27,111,11140645,2022,20620.7,106.0,0
28,115,11140650,2022,28120.6,411.3333333333333,0
29,119,11140665,2022,20260.2,231.0,3
30,123,11140670,2022,26328.3,561.6666666666666,0
31,127,11140680,2022,24576.9,321.6666666666667,0
32,131,11170510,2022,23471.5,223.66666666666663,0
33,135,11170520,2022,26379.1,83.0,0
34,139,11170530,2022,27505.3,366.6666666666667,0
35,143,11170555,2022,14403.3,399.6666666666667,3
36,147,11170560,2022,28138.9,194.66666666666663,0
37,151,11170570,2022,17249.4,319.6666666666667,3
38,155,11170580,2022,15782.4,99.0,3
39,159,11170590,2022,26710.6,665.0,0
40,163,11170625,2022,25723.9,276.3333333333333,0
41,167,11170630,2022,28494.6,37.0,0
42,171,11170640,2022,17164.4,17.0,3
43,175,11170650,2022,28347.4,2472.6666666666665,1
44,179,11170660,2022,35636.9,307.0,2
45,183,11170685,2022,42857.6,163.0,2
46,187,11170690,2022,28771.3,16.0,0
47,191,11170700,2022,26245.5,127.66666666666669,0
48,195,11200520,2022,22982.9,168.33333333333334,0
49,199,11200535,2022,31549.1,319.0,2
50,203,11200540,2022,39955.3,144.66666666666666,2
51,207,11200550,2022,16540.3,206.66666666666663,3
52,211,11200560,2022,18735.0,709.0,1
53,215,11200580,2022,12322.8,16.0,3
54,219,11200590,2022,23982.1,79.0,0
55,223,11200615,2022,19881.3,186.33333333333331,3
56,227,11200620,2022,24714.6,155.0,0
57,231,11200645,2022,27683.9,34.0,0
58,235,11200650,2022,21062.4,87.0,0
59,239,11200660,2022,18871.2,482.3333333333333,3
60,243,11200670,2022,23216.5,356.3333333333333,0
61,247,11200690,2022,18291.5,452.0,3
62,251,11200720,2022,18220.6,78.66666666666667,3
63,255,11200790,2022,18826.6,63.333333333333336,3
64,259,11215710,2022,20323.9,996.3333333333334,1
65,263,11215730,2022,26173.7,574.0,0
66,267,11215740,2022,24026.3,218.0,0
67,271,11215750,2022,21071.2,249.33333333333331,0
68,275,11215760,2022,15933.1,289.3333333333333,3
69,279,11215770,2022,22635.3,61.333333333333336,0
70,283,11215780,2022,15409.7,164.66666666666666,3
71,287,11215810,2022,25557.2,48.66666666666666,0
72,291,11215820,2022,18351.1,422.0,3
73,295,11215830,2022,22395.8,101.66666666666669,0
74,299,11215840,2022,26427.2,81.33333333333333,0
75,303,11215847,2022,40972.0,189.66666666666663,2
76,307,11215850,2022,22346.1,942.0,1
77,311,11215860,2022,31512.6,17.333333333333332,2
78,315,11215870,2022,16019.5,329.6666666666667,3
79,319,11230536,2022,20980.8,364.6666666666667,0
80,323,11230545,2022,23311.4,407.3333333333333,0
81,327,11230560,2022,13741.6,323.3333333333333,3
82,331,11230570,2022,18221.4,49.0,3
83,335,11230600,2022,17025.5,198.33333333333331,3
84,339,11230610,2022,18672.6,168.66666666666666,3
85,343,11230650,2022,24865.2,442.0,0
86,347,11230660,2022,20274.8,453.0,0
87,351,11230705,2022,26616.8,41.0,0
88,355,11230710,2022,16588.5,568.3333333333334,3
89,359,11230720,2022,17841.0,241.66666666666663,3
90,363,11230730,2022,16710.3,82.66666666666667,3
91,367,11230740,2022,12144.4,233.0,3
92,371,11230750,2022,19088.4,7.0,3
93,375,11260520,2022,24948.1,487.0,0
94,379,11260540,2022,21426.6,56.0,0
95,383,11260550,2022,25892.3,100.33333333333331,0
96,387,11260565,2022,21718.3,360.3333333333333,0
97,391,11260570,2022,18115.8,153.33333333333334,3
98,395,11260575,2022,17299.2,251.33333333333331,3
99,399,11260580,2022,25158.0,111.66666666666669,0
100,403,11260590,2022,25792.3,685.0,1
101,407,11260600,2022,18435.5,120.33333333333331,3
102,411,11260610,2022,23843.0,222.0,0
103,415,11260620,2022,19627.0,78.0,3
104,419,11260630,2022,27130.5,204.0,0
105,423,11260655,2022,25223.6,89.33333333333333,0
106,427,11260660,2022,23871.2,40.333333333333336,0
107,431,11260680,2022,23105.8,79.33333333333333,0
108,435,11260690,2022,10328.8,17.0,3
109,439,11290525,2022,29230.3,34.666666666666664,0
110,443,11290555,2022,22362.6,449.3333333333333,0
111,447,11290575,2022,16157.4,845.6666666666666,1
112,451,11290600,2022,16030.9,398.6666666666667,3
113,455,11290610,2022,13682.1,48.0,3
114,459,11290620,2022,24861.2,195.66666666666663,0
115,463,11290630,2022,16226.4,60.0,3
116,467,11290640,2022,23593.6,39.66666666666666,0
117,471,11290650,2022,20762.0,26.0,0
118,475,11290660,2022,21158.6,68.0,0
119,479,11290685,2022,12212.4,66.66666666666667,3
120,483,11290705,2022,16804.8,162.0,3
121,487,11290715,2022,19861.7,216.33333333333331,3
122,491,11290725,2022,13756.5,164.0,3
123,495,11290760,2022,20898.9,110.33333333333331,0
124,499,11290770,2022,28683.5,151.0,0
125,504,11290810,2022,25938.0,176.66666666666666,0
126,508,11305534,2022,14184.8,81.66666666666667,3
127,512,11305535,2022,18327.0,367.6666666666667,3
128,516,11305545,2022,24154.1,314.0,0
129,520,11305555,2022,20858.8,228.33333333333331,0
130,524,11305575,2022,19256.0,100.66666666666669,3
131,528,11305590,2022,25511.2,245.66666666666663,0
132,532,11305600,2022,23643.6,16.0,0
133,536,11305606,2022,29858.6,14.333333333333334,0
134,540,11305610,2022,18816.7,108.0,3
135,544,11305620,2022,23305.9,221.0,0
136,548,11305630,2022,24754.7,1293.3333333333333,1
137,552,11305645,2022,25406.3,17.333333333333332,0
138,556,11305660,2022,22160.7,38.333333333333336,0
139,560,11320511,2022,15020.6,127.33333333333331,3
140,564,11320512,2022,17192.5,79.33333333333333,3
141,568,11320513,2022,26078.6,254.0,0
142,572,11320514,2022,18422.5,255.33333333333331,3
143,576,11320515,2022,20839.4,143.0,0
144,580,11320521,2022,27154.2,35.0,0
145,584,11320522,2022,22997.9,74.0,0
146,588,11320660,2022,12407.8,85.33333333333333,3
147,592,11320670,2022,18512.7,259.3333333333333,3
148,596,11320680,2022,20001.5,308.0,3
149,600,11320681,2022,22002.7,10.0,0
150,604,11320690,2022,25277.2,652.0,0
151,608,11320700,2022,16120.5,216.66666666666663,3
152,612,11320710,2022,21199.3,8.0,0
153,616,11350560,2022,14053.8,200.33333333333331,3
154,620,11350570,2022,6046.6,6.0,3
155,624,11350595,2022,21720.5,313.6666666666667,0
156,628,11350600,2022,17760.9,27.33333333333333,3
157,632,11350611,2022,29438.5,33.0,0
158,636,11350619,2022,11695.6,112.33333333333331,3
159,640,11350624,2022,20530.0,112.66666666666669,0
160,644,11350625,2022,12158.6,118.0,3
161,648,11350630,2022,24744.9,56.0,0
162,652,11350640,2022,20385.3,1421.3333333333333,1
163,656,11350665,2022,19744.5,12.333333333333334,3
164,660,11350670,2022,21193.8,153.33333333333334,0
165,664,11350695,2022,11496.5,53.333333333333336,3
166,668,11350710,2022,10086.8,84.0,3
167,672,11350720,2022,19162.7,15.666666666666666,3
168,676,11380510,2022,33006.3,97.0,2
169,680,11380520,2022,27849.1,34.666666666666664,0
170,684,11380530,2022,16663.0,247.33333333333331,3
171,688,11380551,2022,24897.0,516.0,0
172,692,11380552,2022,15404.7,273.6666666666667,3
173,696,11380560,2022,16214.2,121.33333333333331,3
174,700,11380570,2022,15149.3,476.0,3
175,704,11380580,2022,20315.8,196.33333333333331,3
176,708,11380590,2022,15976.2,26.666666666666668,3
177,712,11380600,2022,26197.6,521.3333333333334,0
178,716,11380625,2022,18126.6,211.66666666666663,3
179,720,11380631,2022,16283.5,138.0,3
180,724,11380632,2022,17703.4,62.66666666666666,3
181,728,11380640,2022,21785.5,158.0,0
182,732,11380650,2022,44058.7,14.666666666666666,2
183,736,11380690,2022,9743.3,4.0,3
184,740,11410520,2022,19639.8,65.33333333333333,3
185,744,11410555,2022,26274.8,109.33333333333331,0
186,748,11410565,2022,22725.1,167.0,0
187,752,11410585,2022,16228.9,614.3333333333334,3
188,756,11410615,2022,21112.5,128.0,0
189,760,11410620,2022,17618.3,160.33333333333334,3
190,764,11410640,2022,21007.2,226.66666666666663,0
191,768,11410660,2022,15292.6,52.0,3
192,772,11410685,2022,13653.5,100.33333333333331,3
193,776,11410690,2022,23941.6,119.0,0
194,780,11410700,2022,17480.9,273.3333333333333,3
195,784,11410710,2022,43961.1,50.333333333333336,2
196,788,11410720,2022,20904.6,179.33333333333334,0
197,792,11440555,2022,28119.3,218.0,0
198,796,11440565,2022,21005.8,440.0,0
199,800,11440585,2022,34898.2,504.6666666666667,2
200,804,11440590,2022,38639.0,350.0,2
201,808,11440600,2022,21255.5,126.33333333333331,0
202,812,11440610,2022,13634.3,332.6666666666667,3
203,816,11440630,2022,9825.9,185.33333333333331,3
204,820,11440655,2022,21170.1,258.6666666666667,0
205,824,11440660,2022,21398.7,2110.6666666666665,1
206,828,11440680,2022,18255.1,364.3333333333333,3
207,832,11440690,2022,15853.0,348.0,3
208,836,11440700,2022,16733.3,361.3333333333333,3
209,840,11440710,2022,19259.8,212.33333333333331,3
210,844,11440720,2022,28797.5,235.66666666666663,0
211,848,11440730,2022,15718.4,76.66666666666667,3
212,852,11440740,2022,16477.2,88.66666666666667,3
213,856,11470510,2022,26351.9,187.33333333333331,0
214,860,11470520,2022,27220.6,106.66666666666669,0
215,864,11470530,2022,16570.7,602.0,3
216,868,11470540,2022,16912.1,293.0,3
217,872,11470550,2022,14756.4,228.33333333333331,3
218,876,11470560,2022,20724.3,413.6666666666667,0
219,880,11470570,2022,15684.5,110.0,3
220,884,11470580,2022,14106.4,125.33333333333331,3
221,888,11470590,2022,18732.7,235.66666666666663,3
222,892,11470600,2022,26874.8,118.66666666666669,0
223,896,11470610,2022,18471.5,110.66666666666669,3
224,900,11470611,2022,17836.4,109.66666666666669,3
225,904,11470620,2022,19736.7,329.3333333333333,3
226,908,11470630,2022,20548.3,306.3333333333333,0
227,912,11470640,2022,12764.3,14.0,3
228,916,11470650,2022,20587.7,515.3333333333334,0
229,920,11470680,2022,15984.4,4.333333333333333,3
230,924,11500510,2022,26679.4,9.0,0
231,928,11500520,2022,19274.7,200.66666666666663,3
232,932,11500530,2022,19465.5,15.666666666666666,3
233,936,11500535,2022,18591.2,320.3333333333333,3
234,940,11500540,2022,19413.4,732.0,1
235,944,11500550,2022,15129.2,214.33333333333331,3
236,948,11500560,2022,24546.8,207.33333333333331,0
237,952,11500570,2022,23244.5,416.6666666666667,0
238,956,11500590,2022,19661.5,171.66666666666666,3
239,960,11500591,2022,24556.7,399.0,0
240,964,11500593,2022,10554.7,268.6666666666667,3
241,968,11500603,2022,27403.6,229.0,0
242,972,11500605,2022,10979.0,20.0,3
243,976,11500611,2022,13784.6,51.0,3
244,980,11500615,2022,23013.7,106.33333333333331,0
245,984,11500620,2022,24325.1,26.33333333333333,0
246,988,11500630,2022,22689.9,164.0,0
247,992,11500640,2022,25467.1,19.666666666666668,0
248,996,11500641,2022,13547.2,23.666666666666668,3
249,1000,11530510,2022,37206.2,26.666666666666668,2
250,1004,11530530,2022,15868.9,377.0,3
251,1008,11530540,2022,17065.6,775.3333333333334,1
252,1012,11530550,2022,21315.2,718.3333333333334,1
253,1016,11530560,2022,13766.6,634.6666666666666,3
254,1020,11530595,2022,33805.1,754.6666666666666,2
255,1024,11530720,2022,17063.9,150.66666666666666,3
256,1028,11530730,2022,22572.3,283.3333333333333,0
257,1032,11530740,2022,21778.7,104.33333333333331,0
258,1036,11530750,2022,14703.0,78.0,3
259,1040,11530760,2022,18989.2,267.3333333333333,3
260,1044,11530770,2022,16184.2,289.0,3
261,1048,11530780,2022,21136.4,44.333333333333336,0
262,1052,11530790,2022,18091.8,42.66666666666666,3
263,1056,11545510,2022,15005.1,482.3333333333333,3
264,1060,11545610,2022,18991.2,229.0,3
265,1064,11545620,2022,20605.2,212.0,0
266,1068,11545630,2022,25541.6,396.6666666666667,0
267,1072,11545640,2022,33294.9,337.3333333333333,2
268,1076,11545670,2022,20216.0,311.3333333333333,0
269,1080,11545680,2022,17488.4,20.0,3
270,1084,11545690,2022,24113.2,105.33333333333331,0
271,1088,11545700,2022,19138.7,105.33333333333331,3
272,1092,11545710,2022,18510.8,100.66666666666669,3
273,1096,11560515,2022,13851.0,84.33333333333333,3
274,1100,11560535,2022,25972.1,686.3333333333334,1
275,1104,11560540,2022,27454.5,194.33333333333331,0
276,1108,11560550,2022,20710.8,749.6666666666666,1
277,1112,11560560,2022,17912.5,243.33333333333331,3
278,1116,11560585,2022,15308.1,178.66666666666666,3
279,1120,11560605,2022,23525.5,279.0,0
280,1124,11560610,2022,20110.6,127.66666666666669,3
281,1128,11560620,2022,19471.9,107.0,3
282,1132,11560630,2022,20503.7,276.3333333333333,0
283,1136,11560650,2022,30506.0,94.66666666666669,0
284,1140,11560660,2022,29217.1,74.66666666666667,0
285,1144,11560670,2022,15527.8,140.0,3
286,1148,11560680,2022,25619.1,140.66666666666666,0
287,1152,11560690,2022,24921.5,129.33333333333334,0
288,1156,11560700,2022,17252.8,246.66666666666663,3
289,1160,11560710,2022,41739.0,430.6666666666667,2
290,1164,11560720,2022,30532.9,449.3333333333333,0
291,1168,11590510,2022,13845.2,349.0,3
292,1172,11590520,2022,16143.8,143.0,3
293,1176,11590530,2022,14499.1,244.33333333333331,3
294,1180,11590540,2022,21324.6,178.0,0
295,1184,11590550,2022,12607.5,151.33333333333334,3
296,1188,11590560,2022,27207.7,125.33333333333331,0
297,1192,11590605,2022,15530.2,118.0,3
298,1196,11590620,2022,30374.7,421.0,0
299,1200,11590630,2022,19550.3,212.0,3
300,1204,11590640,2022,32497.8,44.66666666666666,2
301,1208,11590650,2022,11671.5,341.3333333333333,3
302,1212,11590651,2022,14029.5,21.33333333333333,3
303,1216,11590660,2022,20843.5,178.33333333333334,0
304,1220,11590670,2022,20498.1,214.0,0
305,1224,11590680,2022,17172.2,305.6666666666667,3
306,1228,11620525,2022,17905.7,218.0,3
307,1232,11620545,2022,51051.2,3.0,2
308,1236,11620565,2022,14151.0,35.666666666666664,3
309,1240,11620575,2022,19824.4,169.66666666666666,3
310,1244,11620585,2022,27048.5,130.66666666666666,0
311,1248,11620595,2022,19519.6,532.3333333333334,3
312,1252,11620605,2022,27714.8,102.0,0
313,1256,11620615,2022,18052.4,376.0,3
314,1260,11620625,2022,14823.9,127.0,3
315,1264,11620630,2022,15836.8,26.0,3
316,1268,11620645,2022,14265.0,493.3333333333333,3
317,1272,11620655,2022,18250.3,259.3333333333333,3
318,1276,11620665,2022,17546.8,148.33333333333334,3
319,1280,11620685,2022,17719.8,356.3333333333333,3
320,1284,11620695,2022,18687.4,1075.0,1
321,1288,11620715,2022,32405.4,12.0,2
322,1292,11620725,2022,22189.3,292.0,0
323,1296,11620735,2022,10102.0,57.66666666666666,3
324,1300,11620745,2022,17626.8,21.0,3
325,1304,11620765,2022,18584.9,113.66666666666669,3
326,1308,11620775,2022,13555.2,145.66666666666666,3
327,1312,11650510,2022,22320.3,716.6666666666666,1
328,1316,11650520,2022,21540.1,1394.0,1
329,1320,11650530,2022,24200.2,251.33333333333331,0
330,1324,11650540,2022,30226.8,299.3333333333333,0
331,1328,11650550,2022,17484.1,24.666666666666668,3
332,1332,11650560,2022,16356.5,130.66666666666666,3
333,1336,11650581,2022,21511.6,419.3333333333333,0
334,1340,11650590,2022,16018.5,374.0,3
335,1344,11650600,2022,16411.7,428.3333333333333,3
336,1348,11650610,2022,28591.4,285.0,0
337,1352,11650620,2022,21195.4,11.666666666666666,0
338,1356,11650621,2022,18262.5,261.0,3
339,1360,11650651,2022,24133.3,72.0,0
340,1364,11650652,2022,23647.0,93.33333333333331,0
341,1368,11650660,2022,36155.8,1.0,2
342,1372,11680510,2022,25619.8,508.3333333333333,0
343,1376,11680521,2022,23456.3,1194.6666666666667,1
344,1380,11680531,2022,22114.6,602.3333333333334,0
345,1384,11680545,2022,47458.0,615.0,2
346,1388,11680565,2022,36288.6,242.66666666666663,2
347,1392,11680580,2022,25356.5,259.3333333333333,0
348,1396,11680590,2022,24391.0,1418.3333333333333,1
349,1400,11680600,2022,12719.3,135.0,3
350,1404,11680610,2022,21502.0,186.66666666666663,0
351,1408,11680630,2022,14695.0,841.6666666666666,1
352,1412,11680640,2022,18806.7,971.3333333333334,1
353,1416,11680650,2022,18041.6,149.66666666666666,3
354,1420,11680655,2022,25804.5,9.333333333333334,0
355,1424,11680656,2022,25097.4,208.0,0
356,1428,11680670,2022,13665.5,56.0,3
357,1432,11680690,2022,21434.7,70.66666666666667,0
358,1436,11680700,2022,15545.3,18.666666666666668,3
359,1440,11680730,2022,24120.3,201.33333333333331,0
360,1444,11680750,2022,13819.0,117.0,3
361,1448,11710510,2022,19079.4,91.33333333333331,3
362,1452,11710531,2022,23576.6,133.66666666666666,0
363,1456,11710532,2022,17763.3,202.66666666666663,3
364,1460,11710540,2022,18343.7,248.33333333333331,3
365,1464,11710550,2022,19835.1,138.0,3
366,1468,11710561,2022,20146.4,614.6666666666666,1
367,1472,11710562,2022,33892.8,878.6666666666666,2
368,1476,11710566,2022,24279.9,228.66666666666663,0
369,1480,11710570,2022,24983.5,134.66666666666666,0
370,1484,11710580,2022,25658.0,717.3333333333334,1
371,1488,11710590,2022,18783.9,39.333333333333336,3
372,1492,11710600,2022,22517.3,454.0,0
373,1496,11710610,2022,17334.1,349.3333333333333,3
374,1500,11710620,2022,21973.4,615.0,0
375,1504,11710631,2022,41687.8,63.333333333333336,2
376,1508,11710632,2022,19036.3,158.66666666666666,3
377,1512,11710641,2022,23733.7,405.6666666666667,0
378,1516,11710642,2022,16511.0,379.6666666666667,3
379,1520,11710646,2022,16989.6,78.33333333333333,3
380,1524,11710647,2022,15003.3,0.0,3
381,1528,11710650,2022,19367.5,1032.0,1
382,1532,11710690,2022,15290.6,5.333333333333333,3
383,1536,11710710,2022,12509.5,169.0,3
384,1540,11740515,2022,11257.0,18.666666666666668,3
385,1544,11740520,2022,33425.4,58.333333333333336,2
386,1548,11740530,2022,19550.4,489.3333333333333,3
387,1552,11740540,2022,13025.9,221.0,3
388,1556,11740550,2022,26587.2,47.66666666666666,0
389,1560,11740560,2022,18089.2,38.66666666666666,3
390,1564,11740570,2022,19489.7,221.0,3
391,1568,11740580,2022,22136.3,130.0,0
392,1572,11740600,2022,16313.1,283.0,3
393,1576,11740610,2022,22687.3,522.0,0
394,1580,11740620,2022,26501.3,149.33333333333334,0
395,1584,11740640,2022,21793.5,555.0,0
396,1588,11740650,2022,27844.3,389.0,0
397,1592,11740660,2022,18888.7,711.3333333333334,1
398,1596,11740685,2022,17812.0,438.0,3
399,1600,11740700,2022,20629.6,104.33333333333331,0
